Date_reported,Country_code,Country,WHO_region,New_cases,Cumulative_cases,New_deaths,Cumulative_deaths
2020-01-05,AF,Afghanistan,EMRO,0,0,0,0
2020-01-12,AF,Afghanistan,EMRO,0,0,0,0
2020-01-19,AF,Afghanistan,EMRO,0,0,0,0
2020-01-26,AF,Afghanistan,EMRO,0,0,0,0
2020-02-02,AF,Afghanistan,EMRO,0,0,0,0
2020-02-09,AF,Afghanistan,EMRO,0,0,0,0
2020-02-16,AF,Afghanistan,EMRO,0,0,0,0
2020-02-23,AF,Afghanistan,EMRO,0,0,0,0
2020-03-01,AF,Afghanistan,EMRO,1,1,0,0
2020-03-08,AF,Afghanistan,EMRO,0,1,0,0
2020-03-15,AF,Afghanistan,EMRO,6,7,0,0
2020-03-22,AF,Afghanistan,EMRO,17,24,0,0
2020-03-29,AF,Afghanistan,EMRO,67,91,2,2
2020-04-05,AF,Afghanistan,EMRO,183,274,3,5
2020-04-12,AF,Afghanistan,EMRO,247,521,10,15
2020-04-19,AF,Afghanistan,EMRO,387,908,15,30
2020-04-26,AF,Afghanistan,EMRO,422,1330,13,43
2020-05-03,AF,Afghanistan,EMRO,841,2171,21,64
2020-05-10,AF,Afghanistan,EMRO,1392,3563,41,105
2020-05-17,AF,Afghanistan,EMRO,2490,6053,48,153
2020-05-24,AF,Afghanistan,EMRO,3813,9866,58,211
2020-05-31,AF,Afghanistan,EMRO,4577,14443,37,248
2020-06-07,AF,Afghanistan,EMRO,5108,19551,79,327
2020-06-14,AF,Afghanistan,EMRO,4551,24102,124,451
2020-06-21,AF,Afghanistan,EMRO,4195,28297,97,548
2020-06-28,AF,Afghanistan,EMRO,2319,30616,155,703
2020-07-05,AF,Afghanistan,EMRO,2056,32672,123,826
2020-07-12,AF,Afghanistan,EMRO,1679,34351,149,975
2020-07-19,AF,Afghanistan,EMRO,938,35289,172,1147
2020-07-26,AF,Afghanistan,EMRO,747,36036,99,1246
2020-08-02,AF,Afghanistan,EMRO,674,36710,37,1283
2020-08-09,AF,Afghanistan,EMRO,305,37015,24,1307
2020-08-16,AF,Afghanistan,EMRO,536,37551,63,1370
2020-08-23,AF,Afghanistan,EMRO,343,37894,15,1385
2020-08-30,AF,Afghanistan,EMRO,249,38143,17,1402
2020-09-06,AF,Afghanistan,EMRO,161,38304,7,1409
2020-09-13,AF,Afghanistan,EMRO,337,38641,11,1420
2020-09-20,AF,Afghanistan,EMRO,278,38919,17,1437
2020-09-27,AF,Afghanistan,EMRO,273,39192,16,1453
2020-10-04,AF,Afghanistan,EMRO,105,39297,9,1462
2020-10-11,AF,Afghanistan,EMRO,406,39703,11,1473
2020-10-18,AF,Afghanistan,EMRO,438,40141,15,1488
2020-10-25,AF,Afghanistan,EMRO,627,40768,23,1511
2020-11-01,AF,Afghanistan,EMRO,657,41425,25,1536
2020-11-08,AF,Afghanistan,EMRO,608,42033,20,1556
2020-11-15,AF,Afghanistan,EMRO,1002,43035,49,1605
2020-11-22,AF,Afghanistan,EMRO,1468,44503,70,1675
2020-11-29,AF,Afghanistan,EMRO,1463,45966,77,1752
2020-12-06,AF,Afghanistan,EMRO,1675,47641,113,1865
2020-12-13,AF,Afghanistan,EMRO,1311,48952,95,1960
2020-12-20,AF,Afghanistan,EMRO,1584,50536,94,2054
2020-12-27,AF,Afghanistan,EMRO,1312,51848,104,2158
2021-01-03,AF,Afghanistan,EMRO,861,52709,63,2221
2021-01-10,AF,Afghanistan,EMRO,780,53489,56,2277
2021-01-17,AF,Afghanistan,EMRO,495,53984,62,2339
2021-01-24,AF,Afghanistan,EMRO,611,54595,39,2378
2021-01-31,AF,Afghanistan,EMRO,428,55023,22,2400
2021-02-07,AF,Afghanistan,EMRO,312,55335,10,2410
2021-02-14,AF,Afghanistan,EMRO,157,55492,17,2427
2021-02-21,AF,Afghanistan,EMRO,112,55604,5,2432
2021-02-28,AF,Afghanistan,EMRO,110,55714,11,2443
2021-03-07,AF,Afghanistan,EMRO,133,55847,6,2449
2021-03-14,AF,Afghanistan,EMRO,138,55985,8,2457
2021-03-21,AF,Afghanistan,EMRO,118,56103,6,2463
2021-03-28,AF,Afghanistan,EMRO,191,56294,7,2470
2021-04-04,AF,Afghanistan,EMRO,382,56676,27,2497
2021-04-11,AF,Afghanistan,EMRO,484,57160,24,2521
2021-04-18,AF,Afghanistan,EMRO,633,57793,18,2539
2021-04-25,AF,Afghanistan,EMRO,1050,58843,43,2582
2021-05-02,AF,Afghanistan,EMRO,1279,60122,55,2637
2021-05-09,AF,Afghanistan,EMRO,1720,61842,49,2686
2021-05-16,AF,Afghanistan,EMRO,1642,63484,56,2742
2021-05-23,AF,Afghanistan,EMRO,2244,65728,60,2802
2021-05-30,AF,Afghanistan,EMRO,5033,70761,117,2919
2021-06-06,AF,Afghanistan,EMRO,8463,79224,226,3145
2021-06-13,AF,Afghanistan,EMRO,10637,89861,382,3527
2021-06-20,AF,Afghanistan,EMRO,12045,101906,595,4122
2021-06-27,AF,Afghanistan,EMRO,12314,114220,528,4650
2021-07-04,AF,Afghanistan,EMRO,10528,124748,549,5199
2021-07-11,AF,Afghanistan,EMRO,8830,133578,525,5724
2021-07-18,AF,Afghanistan,EMRO,7024,140602,423,6147
2021-07-25,AF,Afghanistan,EMRO,3269,143871,278,6425
2021-08-01,AF,Afghanistan,EMRO,3630,147501,312,6737
2021-08-08,AF,Afghanistan,EMRO,2957,150458,171,6908
2021-08-15,AF,Afghanistan,EMRO,1575,152033,113,7021
2021-08-22,AF,Afghanistan,EMRO,478,152511,49,7070
2021-08-29,AF,Afghanistan,EMRO,522,153033,39,7109
2021-09-05,AF,Afghanistan,EMRO,390,153423,23,7132
2021-09-12,AF,Afghanistan,EMRO,567,153990,35,7167
2021-09-19,AF,Afghanistan,EMRO,549,154539,32,7199
2021-09-26,AF,Afghanistan,EMRO,360,154899,0,7199
2021-10-03,AF,Afghanistan,EMRO,242,155141,13,7212
2021-10-10,AF,Afghanistan,EMRO,203,155344,9,7221
2021-10-17,AF,Afghanistan,EMRO,273,155617,17,7238
2021-10-24,AF,Afghanistan,EMRO,201,155818,15,7253
2021-10-31,AF,Afghanistan,EMRO,270,156088,19,7272
2021-11-07,AF,Afghanistan,EMRO,187,156275,12,7284
2021-11-14,AF,Afghanistan,EMRO,237,156512,8,7292
2021-11-21,AF,Afghanistan,EMRO,352,156864,9,7301
2021-11-28,AF,Afghanistan,EMRO,326,157190,7,7308
2021-12-05,AF,Afghanistan,EMRO,241,157431,4,7312
2021-12-12,AF,Afghanistan,EMRO,180,157611,13,7325
2021-12-19,AF,Afghanistan,EMRO,134,157745,8,7333
2021-12-26,AF,Afghanistan,EMRO,157,157902,19,7352
2022-01-02,AF,Afghanistan,EMRO,210,158112,4,7356
2022-01-09,AF,Afghanistan,EMRO,233,158345,13,7369
2022-01-16,AF,Afghanistan,EMRO,333,158678,9,7378
2022-01-23,AF,Afghanistan,EMRO,870,159548,12,7390
2022-01-30,AF,Afghanistan,EMRO,2118,161666,17,7407
2022-02-06,AF,Afghanistan,EMRO,4046,165712,18,7425
2022-02-13,AF,Afghanistan,EMRO,4440,170152,63,7488
2022-02-20,AF,Afghanistan,EMRO,1778,171930,46,7534
2022-02-27,AF,Afghanistan,EMRO,1250,173180,54,7588
2022-03-06,AF,Afghanistan,EMRO,1167,174347,34,7622
2022-03-13,AF,Afghanistan,EMRO,1715,176062,20,7642
2022-03-20,AF,Afghanistan,EMRO,977,177039,10,7652
2022-03-27,AF,Afghanistan,EMRO,435,177474,8,7660
2022-04-03,AF,Afghanistan,EMRO,331,177805,11,7671
2022-04-10,AF,Afghanistan,EMRO,285,178090,4,7675
2022-04-17,AF,Afghanistan,EMRO,297,178387,1,7676
2022-04-24,AF,Afghanistan,EMRO,261,178648,5,7681
2022-05-01,AF,Afghanistan,EMRO,231,178879,2,7683
2022-05-08,AF,Afghanistan,EMRO,44,178923,1,7684
2022-05-15,AF,Afghanistan,EMRO,320,179243,6,7690
2022-05-22,AF,Afghanistan,EMRO,431,179674,7,7697
2022-05-29,AF,Afghanistan,EMRO,449,180123,4,7701
2022-06-05,AF,Afghanistan,EMRO,495,180618,8,7709
2022-06-12,AF,Afghanistan,EMRO,415,181033,0,7709
2022-06-19,AF,Afghanistan,EMRO,541,181574,4,7713
2022-06-26,AF,Afghanistan,EMRO,498,182072,4,7717
2022-07-03,AF,Afghanistan,EMRO,571,182643,7,7724
2022-07-10,AF,Afghanistan,EMRO,576,183219,3,7727
2022-07-17,AF,Afghanistan,EMRO,231,183450,3,7730
2022-07-24,AF,Afghanistan,EMRO,1024,184474,8,7738
2022-07-31,AF,Afghanistan,EMRO,1106,185580,9,7747
2022-08-07,AF,Afghanistan,EMRO,1466,187046,5,7752
2022-08-14,AF,Afghanistan,EMRO,1785,188831,6,7758
2022-08-21,AF,Afghanistan,EMRO,1604,190435,1,7759
2022-08-28,AF,Afghanistan,EMRO,1773,192208,15,7774
2022-09-04,AF,Afghanistan,EMRO,1679,193887,6,7780
2022-09-11,AF,Afghanistan,EMRO,1760,195647,7,7787
2022-09-18,AF,Afghanistan,EMRO,1435,197082,7,7794
2022-09-25,AF,Afghanistan,EMRO,1201,198283,2,7796
2022-10-02,AF,Afghanistan,EMRO,989,199272,3,7799
2022-10-09,AF,Afghanistan,EMRO,927,200199,5,7804
2022-10-16,AF,Afghanistan,EMRO,897,201096,7,7811
2022-10-23,AF,Afghanistan,EMRO,933,202029,7,7818
2022-10-30,AF,Afghanistan,EMRO,805,202834,3,7821
2022-11-06,AF,Afghanistan,EMRO,784,203618,5,7826
2022-11-13,AF,Afghanistan,EMRO,813,204431,3,7829
2022-11-20,AF,Afghanistan,EMRO,581,205012,2,7831
2022-11-27,AF,Afghanistan,EMRO,584,205596,2,7833
2022-12-04,AF,Afghanistan,EMRO,568,206164,1,7834
2022-12-11,AF,Afghanistan,EMRO,381,206545,5,7839
2022-12-18,AF,Afghanistan,EMRO,441,206986,5,7844
2022-12-25,AF,Afghanistan,EMRO,336,207322,1,7845
2023-01-01,AF,Afghanistan,EMRO,257,207579,4,7849
2023-01-08,AF,Afghanistan,EMRO,201,207780,2,7851
2023-01-15,AF,Afghanistan,EMRO,173,207953,4,7855
2023-01-22,AF,Afghanistan,EMRO,144,208097,5,7860
2023-01-29,AF,Afghanistan,EMRO,323,208420,6,7866
2023-02-05,AF,Afghanistan,EMRO,272,208692,8,7874
2023-02-12,AF,Afghanistan,EMRO,164,208856,3,7877
2023-02-19,AF,Afghanistan,EMRO,230,209086,0,7877
2023-02-26,AF,Afghanistan,EMRO,165,209251,1,7878
2023-03-05,AF,Afghanistan,EMRO,118,209369,1,7879
2023-03-12,AF,Afghanistan,EMRO,141,209510,1,7880
2023-03-19,AF,Afghanistan,EMRO,239,209749,1,7881
2023-03-26,AF,Afghanistan,EMRO,331,210080,1,7882
2023-04-02,AF,Afghanistan,EMRO,548,210628,1,7883
2023-04-09,AF,Afghanistan,EMRO,884,211512,1,7884
2023-04-16,AF,Afghanistan,EMRO,1100,212612,1,7885
2023-04-23,AF,Afghanistan,EMRO,1458,214070,2,7887
2023-04-30,AF,Afghanistan,EMRO,810,214880,5,7892
2023-05-07,AF,Afghanistan,EMRO,1876,216756,5,7897
2023-05-14,AF,Afghanistan,EMRO,1983,218739,11,7908
2023-05-21,AF,Afghanistan,EMRO,1428,220167,5,7913
2023-05-28,AF,Afghanistan,EMRO,1050,221217,2,7915
2023-06-04,AF,Afghanistan,EMRO,778,221995,4,7919
2023-06-11,AF,Afghanistan,EMRO,531,222526,1,7920
2023-06-18,AF,Afghanistan,EMRO,433,222959,2,7922
2023-06-25,AF,Afghanistan,EMRO,197,223156,6,7928
2023-07-02,AF,Afghanistan,EMRO,124,223280,0,7928
2023-07-09,AF,Afghanistan,EMRO,326,223606,3,7931
2023-07-16,AF,Afghanistan,EMRO,179,223785,1,7932
2023-07-23,AF,Afghanistan,EMRO,245,224030,2,7934
2023-07-30,AF,Afghanistan,EMRO,194,224224,1,7935
2023-08-06,AF,Afghanistan,EMRO,195,224419,3,7938
2023-08-13,AF,Afghanistan,EMRO,242,224661,2,7940
2023-08-20,AF,Afghanistan,EMRO,209,224870,2,7942
2023-08-27,AF,Afghanistan,EMRO,229,225099,0,7942
2023-09-03,AF,Afghanistan,EMRO,277,225376,2,7944
2023-09-10,AF,Afghanistan,EMRO,216,225592,2,7946
2023-09-17,AF,Afghanistan,EMRO,200,225792,0,7946
2023-09-24,AF,Afghanistan,EMRO,207,225999,1,7947
2023-10-01,AF,Afghanistan,EMRO,248,226247,3,7950
2023-10-08,AF,Afghanistan,EMRO,309,226556,1,7951
2023-10-15,AF,Afghanistan,EMRO,307,226863,1,7952
2023-10-22,AF,Afghanistan,EMRO,293,227156,0,7952
2023-10-29,AF,Afghanistan,EMRO,383,227539,1,7953
2023-11-05,AF,Afghanistan,EMRO,353,227892,3,7956
2023-11-12,AF,Afghanistan,EMRO,371,228263,4,7960
2023-11-19,AF,Afghanistan,EMRO,432,228695,1,7961
2023-11-26,AF,Afghanistan,EMRO,280,228975,2,7963
2023-12-03,AF,Afghanistan,EMRO,288,229263,2,7965
2023-12-10,AF,Afghanistan,EMRO,106,229369,0,7965
2023-12-17,AF,Afghanistan,EMRO,317,229686,1,7966
2023-12-24,AF,Afghanistan,EMRO,304,229990,4,7970
2023-12-31,AF,Afghanistan,EMRO,300,230290,3,7973
2020-01-05,AL,Albania,EURO,0,0,0,0
2020-01-12,AL,Albania,EURO,0,0,0,0
2020-01-19,AL,Albania,EURO,0,0,0,0
2020-01-26,AL,Albania,EURO,0,0,0,0
2020-02-02,AL,Albania,EURO,0,0,0,0
2020-02-09,AL,Albania,EURO,0,0,0,0
2020-02-16,AL,Albania,EURO,0,0,0,0
2020-02-23,AL,Albania,EURO,0,0,0,0
2020-03-01,AL,Albania,EURO,0,0,0,0
2020-03-08,AL,Albania,EURO,0,0,0,0
2020-03-15,AL,Albania,EURO,33,33,1,1
2020-03-22,AL,Albania,EURO,37,70,1,2
2020-03-29,AL,Albania,EURO,116,186,6,8
2020-04-05,AL,Albania,EURO,118,304,9,17
2020-04-12,AL,Albania,EURO,112,416,6,23
2020-04-19,AL,Albania,EURO,123,539,3,26
2020-04-26,AL,Albania,EURO,139,678,1,27
2020-05-03,AL,Albania,EURO,104,782,4,31
2020-05-10,AL,Albania,EURO,68,850,0,31
2020-05-17,AL,Albania,EURO,66,916,0,31
2020-05-24,AL,Albania,EURO,65,981,0,31
2020-05-31,AL,Albania,EURO,118,1099,2,33
2020-06-07,AL,Albania,EURO,113,1212,0,33
2020-06-14,AL,Albania,EURO,204,1416,3,36
2020-06-21,AL,Albania,EURO,422,1838,6,42
2020-06-28,AL,Albania,EURO,431,2269,9,51
2020-07-05,AL,Albania,EURO,483,2752,21,72
2020-07-12,AL,Albania,EURO,526,3278,13,85
2020-07-19,AL,Albania,EURO,628,3906,22,107
2020-07-26,AL,Albania,EURO,664,4570,21,128
2020-08-02,AL,Albania,EURO,706,5276,29,157
2020-08-09,AL,Albania,EURO,875,6151,32,189
2020-08-16,AL,Albania,EURO,966,7117,30,219
2020-08-23,AL,Albania,EURO,1002,8119,21,240
2020-08-30,AL,Albania,EURO,1076,9195,31,271
2020-09-06,AL,Albania,EURO,772,9967,35,306
2020-09-13,AL,Albania,EURO,1054,11021,21,327
2020-09-20,AL,Albania,EURO,1052,12073,26,353
2020-09-27,AL,Albania,EURO,972,13045,20,373
2020-10-04,AL,Albania,EURO,920,13965,16,389
2020-10-11,AL,Albania,EURO,1101,15066,24,413
2020-10-18,AL,Albania,EURO,1435,16501,30,443
2020-10-25,AL,Albania,EURO,2055,18556,26,469
2020-11-01,AL,Albania,EURO,2078,20634,33,502
2020-11-08,AL,Albania,EURO,2576,23210,47,549
2020-11-15,AL,Albania,EURO,3491,26701,56,605
2020-11-22,AL,Albania,EURO,4758,31459,67,672
2020-11-29,AL,Albania,EURO,4786,36245,99,771
2020-12-06,AL,Albania,EURO,5057,41302,99,870
2020-12-13,AL,Albania,EURO,5561,46863,107,977
2020-12-20,AL,Albania,EURO,5141,52004,89,1066
2020-12-27,AL,Albania,EURO,3376,55380,68,1134
2021-01-03,AL,Albania,EURO,3343,58723,52,1186
2021-01-10,AL,Albania,EURO,3655,62378,44,1230
2021-01-17,AL,Albania,EURO,4257,66635,35,1265
2021-01-24,AL,Albania,EURO,4020,70655,38,1303
2021-01-31,AL,Albania,EURO,5695,76350,55,1358
2021-02-07,AL,Albania,EURO,6732,83082,75,1433
2021-02-14,AL,Albania,EURO,7753,90835,98,1531
2021-02-21,AL,Albania,EURO,7074,97909,105,1636
2021-02-28,AL,Albania,EURO,7320,105229,120,1756
2021-03-07,AL,Albania,EURO,6072,111301,141,1897
2021-03-14,AL,Albania,EURO,4822,116123,121,2018
2021-03-21,AL,Albania,EURO,3899,120022,104,2122
2021-03-28,AL,Albania,EURO,3194,123216,70,2192
2021-04-04,AL,Albania,EURO,2626,125842,55,2247
2021-04-11,AL,Albania,EURO,1953,127795,57,2304
2021-04-18,AL,Albania,EURO,1512,129307,33,2337
2021-04-25,AL,Albania,EURO,963,130270,30,2367
2021-05-02,AL,Albania,EURO,815,131085,27,2394
2021-05-09,AL,Albania,EURO,492,131577,14,2408
2021-05-16,AL,Albania,EURO,362,131939,19,2427
2021-05-23,AL,Albania,EURO,214,132153,14,2441
2021-05-30,AL,Albania,EURO,132,132285,7,2448
2021-06-06,AL,Albania,EURO,87,132372,3,2451
2021-06-13,AL,Albania,EURO,65,132437,2,2453
2021-06-20,AL,Albania,EURO,47,132484,1,2454
2021-06-27,AL,Albania,EURO,22,132506,1,2455
2021-07-04,AL,Albania,EURO,20,132526,1,2456
2021-07-11,AL,Albania,EURO,54,132580,0,2456
2021-07-18,AL,Albania,EURO,67,132647,0,2456
2021-07-25,AL,Albania,EURO,181,132828,0,2456
2021-08-01,AL,Albania,EURO,208,133036,1,2457
2021-08-08,AL,Albania,EURO,555,133591,1,2458
2021-08-15,AL,Albania,EURO,1549,135140,3,2461
2021-08-22,AL,Albania,EURO,2992,138132,14,2475
2021-08-29,AL,Albania,EURO,5042,143174,12,2487
2021-09-05,AL,Albania,EURO,5943,149117,21,2508
2021-09-12,AL,Albania,EURO,6176,155293,27,2535
2021-09-19,AL,Albania,EURO,6031,161324,34,2569
2021-09-26,AL,Albania,EURO,5366,166690,50,2619
2021-10-03,AL,Albania,EURO,4088,170778,86,2705
2021-10-10,AL,Albania,EURO,3390,174168,48,2753
2021-10-17,AL,Albania,EURO,2940,177108,54,2807
2021-10-24,AL,Albania,EURO,3515,180623,56,2863
2021-10-31,AL,Albania,EURO,3717,184340,46,2909
2021-11-07,AL,Albania,EURO,3654,187994,39,2948
2021-11-14,AL,Albania,EURO,4019,192013,35,2983
2021-11-21,AL,Albania,EURO,3510,195523,46,3029
2021-11-28,AL,Albania,EURO,3209,198732,48,3077
2021-12-05,AL,Albania,EURO,2313,201045,31,3108
2021-12-12,AL,Albania,EURO,2170,203215,22,3130
2021-12-19,AL,Albania,EURO,2009,205224,28,3158
2021-12-26,AL,Albania,EURO,1997,207221,29,3187
2022-01-02,AL,Albania,EURO,3003,210224,30,3217
2022-01-09,AL,Albania,EURO,6462,216686,16,3233
2022-01-16,AL,Albania,EURO,12091,228777,29,3262
2022-01-23,AL,Albania,EURO,15405,244182,30,3292
2022-01-30,AL,Albania,EURO,11559,255741,42,3334
2022-02-06,AL,Albania,EURO,7431,263172,37,3371
2022-02-13,AL,Albania,EURO,4379,267551,36,3407
2022-02-20,AL,Albania,EURO,2353,269904,26,3433
2022-02-27,AL,Albania,EURO,1410,271314,27,3460
2022-03-06,AL,Albania,EURO,716,272030,18,3478
2022-03-13,AL,Albania,EURO,522,272552,7,3485
2022-03-20,AL,Albania,EURO,409,272961,2,3487
2022-03-27,AL,Albania,EURO,357,273318,3,3490
2022-04-03,AL,Albania,EURO,441,273759,2,3492
2022-04-10,AL,Albania,EURO,349,274108,0,3492
2022-04-17,AL,Albania,EURO,268,274376,3,3495
2022-04-24,AL,Albania,EURO,309,274685,1,3496
2022-05-01,AL,Albania,EURO,317,275002,0,3496
2022-05-08,AL,Albania,EURO,264,275266,0,3496
2022-05-15,AL,Albania,EURO,219,275485,1,3497
2022-05-22,AL,Albania,EURO,289,275774,0,3497
2022-05-29,AL,Albania,EURO,238,276012,0,3497
2022-06-05,AL,Albania,EURO,262,276274,0,3497
2022-06-12,AL,Albania,EURO,309,276583,0,3497
2022-06-19,AL,Albania,EURO,443,277026,0,3497
2022-06-26,AL,Albania,EURO,1185,278211,0,3497
2022-07-03,AL,Albania,EURO,2640,280851,3,3500
2022-07-10,AL,Albania,EURO,4880,285731,10,3510
2022-07-17,AL,Albania,EURO,6725,292456,7,3517
2022-07-24,AL,Albania,EURO,8938,301394,4,3521
2022-07-31,AL,Albania,EURO,7884,309278,17,3538
2022-08-07,AL,Albania,EURO,6059,315337,16,3554
2022-08-14,AL,Albania,EURO,4749,320086,14,3568
2022-08-21,AL,Albania,EURO,3511,323597,6,3574
2022-08-28,AL,Albania,EURO,3218,326815,6,3580
2022-09-04,AL,Albania,EURO,1901,328716,3,3583
2022-09-11,AL,Albania,EURO,980,329696,1,3584
2022-09-18,AL,Albania,EURO,617,330313,2,3586
2022-09-25,AL,Albania,EURO,449,330762,3,3589
2022-10-02,AL,Albania,EURO,313,331075,0,3589
2022-10-09,AL,Albania,EURO,222,331297,0,3589
2022-10-16,AL,Albania,EURO,155,331452,2,3591
2022-10-23,AL,Albania,EURO,141,331593,1,3592
2022-10-30,AL,Albania,EURO,152,331745,1,3593
2022-11-06,AL,Albania,EURO,155,331900,0,3593
2022-11-13,AL,Albania,EURO,98,331998,1,3594
2022-11-20,AL,Albania,EURO,121,332119,0,3594
2022-11-27,AL,Albania,EURO,83,332202,0,3594
2022-12-04,AL,Albania,EURO,75,332277,0,3594
2022-12-11,AL,Albania,EURO,130,332407,0,3594
2022-12-18,AL,Albania,EURO,131,332538,0,3594
2022-12-25,AL,Albania,EURO,132,332670,2,3596
2023-01-01,AL,Albania,EURO,124,332794,0,3596
2023-01-08,AL,Albania,EURO,113,332907,0,3596
2023-01-15,AL,Albania,EURO,157,333064,0,3596
2023-01-22,AL,Albania,EURO,105,333169,0,3596
2023-01-29,AL,Albania,EURO,50,333219,0,3596
2023-02-05,AL,Albania,EURO,51,333270,0,3596
2023-02-12,AL,Albania,EURO,51,333321,0,3596
2023-02-19,AL,Albania,EURO,69,333390,1,3597
2023-02-26,AL,Albania,EURO,93,333483,1,3598
2023-03-05,AL,Albania,EURO,88,333571,1,3599
2023-03-12,AL,Albania,EURO,80,333651,1,3600
2023-03-19,AL,Albania,EURO,65,333716,1,3601
2023-03-26,AL,Albania,EURO,83,333799,0,3601
2023-04-02,AL,Albania,EURO,84,333883,2,3603
2023-04-09,AL,Albania,EURO,109,333992,1,3604
2023-04-16,AL,Albania,EURO,78,334070,0,3604
2023-04-23,AL,Albania,EURO,20,334090,0,3604
2023-04-30,AL,Albania,EURO,0,334090,0,3604
2023-05-07,AL,Albania,EURO,0,334090,0,3604
2023-05-14,AL,Albania,EURO,0,334090,0,3604
2023-05-21,AL,Albania,EURO,0,334090,0,3604
2023-05-28,AL,Albania,EURO,0,334090,0,3604
2023-06-04,AL,Albania,EURO,0,334090,0,3604
2023-06-11,AL,Albania,EURO,0,334090,0,3604
2023-06-18,AL,Albania,EURO,0,334090,0,3604
2023-06-25,AL,Albania,EURO,0,334090,0,3604
2023-07-02,AL,Albania,EURO,0,334090,0,3604
2023-07-09,AL,Albania,EURO,0,334090,0,3604
2023-07-16,AL,Albania,EURO,0,334090,0,3604
2023-07-23,AL,Albania,EURO,0,334090,0,3604
2023-07-30,AL,Albania,EURO,0,334090,0,3604
2023-08-06,AL,Albania,EURO,0,334090,0,3604
2023-08-13,AL,Albania,EURO,0,334090,0,3604
2023-08-20,AL,Albania,EURO,0,334090,0,3604
2023-08-27,AL,Albania,EURO,0,334090,0,3604
2023-09-03,AL,Albania,EURO,0,334090,0,3604
2023-09-10,AL,Albania,EURO,0,334090,0,3604
2023-09-17,AL,Albania,EURO,0,334090,0,3604
2023-09-24,AL,Albania,EURO,0,334090,0,3604
2023-10-01,AL,Albania,EURO,0,334090,0,3604
2023-10-08,AL,Albania,EURO,0,334090,0,3604
2023-10-15,AL,Albania,EURO,0,334090,0,3604
2023-10-22,AL,Albania,EURO,0,334090,0,3604
2023-10-29,AL,Albania,EURO,0,334090,0,3604
2023-11-05,AL,Albania,EURO,106,334196,0,3604
2023-11-12,AL,Albania,EURO,74,334270,0,3604
2023-11-19,AL,Albania,EURO,61,334331,0,3604
2023-11-26,AL,Albania,EURO,77,334408,0,3604
2023-12-03,AL,Albania,EURO,42,334450,0,3604
2023-12-10,AL,Albania,EURO,56,334506,0,3604
2023-12-17,AL,Albania,EURO,49,334555,0,3604
2023-12-24,AL,Albania,EURO,0,334555,0,3604
2023-12-31,AL,Albania,EURO,0,334555,0,3604
2020-01-05,DZ,Algeria,AFRO,0,0,0,0
2020-01-12,DZ,Algeria,AFRO,0,0,0,0
2020-01-19,DZ,Algeria,AFRO,0,0,0,0
2020-01-26,DZ,Algeria,AFRO,0,0,0,0
2020-02-02,DZ,Algeria,AFRO,0,0,0,0
2020-02-09,DZ,Algeria,AFRO,0,0,0,0
2020-02-16,DZ,Algeria,AFRO,0,0,0,0
2020-02-23,DZ,Algeria,AFRO,0,0,0,0
2020-03-01,DZ,Algeria,AFRO,1,1,0,0
2020-03-08,DZ,Algeria,AFRO,18,19,0,0
2020-03-15,DZ,Algeria,AFRO,18,37,0,0
2020-03-22,DZ,Algeria,AFRO,102,139,0,0
2020-03-29,DZ,Algeria,AFRO,315,454,30,30
2020-04-05,DZ,Algeria,AFRO,797,1251,100,130
2020-04-12,DZ,Algeria,AFRO,574,1825,146,276
2020-04-19,DZ,Algeria,AFRO,709,2534,92,368
2020-04-26,DZ,Algeria,AFRO,722,3256,48,416
2020-05-03,DZ,Algeria,AFRO,1039,4295,40,456
2020-05-10,DZ,Algeria,AFRO,1263,5558,35,491
2020-05-17,DZ,Algeria,AFRO,1263,6821,48,539
2020-05-24,DZ,Algeria,AFRO,1292,8113,50,589
2020-05-31,DZ,Algeria,AFRO,1154,9267,54,643
2020-06-07,DZ,Algeria,AFRO,783,10050,52,695
2020-06-14,DZ,Algeria,AFRO,760,10810,53,748
2020-06-21,DZ,Algeria,AFRO,821,11631,77,825
2020-06-28,DZ,Algeria,AFRO,1337,12968,55,880
2020-07-05,DZ,Algeria,AFRO,2532,15500,54,934
2020-07-12,DZ,Algeria,AFRO,3212,18712,58,992
2020-07-19,DZ,Algeria,AFRO,3837,22549,64,1056
2020-07-26,DZ,Algeria,AFRO,4215,26764,78,1134
2020-08-02,DZ,Algeria,AFRO,4186,30950,77,1211
2020-08-09,DZ,Algeria,AFRO,3743,34693,70,1281
2020-08-16,DZ,Algeria,AFRO,3440,38133,67,1348
2020-08-23,DZ,Algeria,AFRO,2935,41068,64,1412
2020-08-30,DZ,Algeria,AFRO,2714,43782,77,1489
2020-09-06,DZ,Algeria,AFRO,2289,46071,58,1547
2020-09-13,DZ,Algeria,AFRO,1936,48007,56,1603
2020-09-20,DZ,Algeria,AFRO,1616,49623,60,1663
2020-09-27,DZ,Algeria,AFRO,1291,50914,46,1709
2020-10-04,DZ,Algeria,AFRO,1081,51995,47,1756
2020-10-11,DZ,Algeria,AFRO,945,52940,39,1795
2020-10-18,DZ,Algeria,AFRO,1263,54203,51,1846
2020-10-25,DZ,Algeria,AFRO,1427,55630,51,1897
2020-11-01,DZ,Algeria,AFRO,2312,57942,67,1964
2020-11-08,DZ,Algeria,AFRO,3439,61381,72,2036
2020-11-15,DZ,Algeria,AFRO,5438,66819,103,2139
2020-11-22,DZ,Algeria,AFRO,6955,73774,119,2258
2020-11-29,DZ,Algeria,AFRO,7438,81212,135,2393
2020-12-06,DZ,Algeria,AFRO,6290,87502,108,2501
2020-12-13,DZ,Algeria,AFRO,4136,91638,83,2584
2020-12-20,DZ,Algeria,AFRO,3143,94781,75,2659
2020-12-27,DZ,Algeria,AFRO,3076,97857,63,2722
2021-01-03,DZ,Algeria,AFRO,2302,100159,47,2769
2021-01-10,DZ,Algeria,AFRO,1754,101913,34,2803
2021-01-17,DZ,Algeria,AFRO,1698,103611,28,2831
2021-01-24,DZ,Algeria,AFRO,1758,105369,30,2861
2021-01-31,DZ,Algeria,AFRO,1753,107122,27,2888
2021-02-07,DZ,Algeria,AFRO,1730,108852,23,2911
2021-02-14,DZ,Algeria,AFRO,1661,110513,24,2935
2021-02-21,DZ,Algeria,AFRO,1251,111764,23,2958
2021-02-28,DZ,Algeria,AFRO,1196,112960,21,2979
2021-03-07,DZ,Algeria,AFRO,1144,114104,31,3010
2021-03-14,DZ,Algeria,AFRO,1039,115143,24,3034
2021-03-21,DZ,Algeria,AFRO,923,116066,21,3055
2021-03-28,DZ,Algeria,AFRO,684,116750,22,3077
2021-04-04,DZ,Algeria,AFRO,774,117524,25,3102
2021-04-11,DZ,Algeria,AFRO,854,118378,24,3126
2021-04-18,DZ,Algeria,AFRO,1108,119486,26,3152
2021-04-25,DZ,Algeria,AFRO,1250,120736,46,3198
2021-05-02,DZ,Algeria,AFRO,1575,122311,63,3261
2021-05-09,DZ,Algeria,AFRO,1589,123900,60,3321
2021-05-16,DZ,Algeria,AFRO,1294,125194,45,3366
2021-05-23,DZ,Algeria,AFRO,1457,126651,45,3411
2021-05-30,DZ,Algeria,AFRO,1805,128456,49,3460
2021-06-06,DZ,Algeria,AFRO,2225,130681,50,3510
2021-06-13,DZ,Algeria,AFRO,2389,133070,55,3565
2021-06-20,DZ,Algeria,AFRO,2516,135586,59,3624
2021-06-27,DZ,Algeria,AFRO,2527,138113,61,3685
2021-07-04,DZ,Algeria,AFRO,2894,141007,60,3745
2021-07-11,DZ,Algeria,AFRO,4289,145296,79,3824
2021-07-18,DZ,Algeria,AFRO,6914,152210,98,3922
2021-07-25,DZ,Algeria,AFRO,8658,160868,120,4042
2021-08-01,DZ,Algeria,AFRO,10524,171392,212,4254
2021-08-08,DZ,Algeria,AFRO,8964,180356,266,4520
2021-08-15,DZ,Algeria,AFRO,6299,186655,246,4766
2021-08-22,DZ,Algeria,AFRO,4516,191171,218,4984
2021-08-29,DZ,Algeria,AFRO,3500,194671,195,5179
2021-09-05,DZ,Algeria,AFRO,2988,197659,220,5399
2021-09-12,DZ,Algeria,AFRO,2163,199822,159,5558
2021-09-19,DZ,Algeria,AFRO,1402,201224,112,5670
2021-09-26,DZ,Algeria,AFRO,1350,202574,97,5767
2021-10-03,DZ,Algeria,AFRO,1083,203657,52,5819
2021-10-10,DZ,Algeria,AFRO,833,204490,31,5850
2021-10-17,DZ,Algeria,AFRO,709,205199,20,5870
2021-10-24,DZ,Algeria,AFRO,551,205750,16,5886
2021-10-31,DZ,Algeria,AFRO,608,206358,32,5918
2021-11-07,DZ,Algeria,AFRO,721,207079,23,5941
2021-11-14,DZ,Algeria,AFRO,794,207873,36,5977
2021-11-21,DZ,Algeria,AFRO,966,208839,40,6017
2021-11-28,DZ,Algeria,AFRO,1141,209980,35,6052
2021-12-05,DZ,Algeria,AFRO,1317,211297,44,6096
2021-12-12,DZ,Algeria,AFRO,1355,212652,41,6137
2021-12-19,DZ,Algeria,AFRO,1678,214330,43,6180
2021-12-26,DZ,Algeria,AFRO,2046,216376,49,6229
2022-01-02,DZ,Algeria,AFRO,2442,218818,55,6284
2022-01-09,DZ,Algeria,AFRO,2924,221742,46,6330
2022-01-16,DZ,Algeria,AFRO,3742,225484,74,6404
2022-01-23,DZ,Algeria,AFRO,9052,234536,77,6481
2022-01-30,DZ,Algeria,AFRO,14774,249310,74,6555
2022-02-06,DZ,Algeria,AFRO,8288,257598,85,6640
2022-02-13,DZ,Algeria,AFRO,3628,261226,75,6715
2022-02-20,DZ,Algeria,AFRO,2710,263936,72,6787
2022-02-27,DZ,Algeria,AFRO,842,264778,41,6828
2022-03-06,DZ,Algeria,AFRO,449,265227,25,6853
2022-03-13,DZ,Algeria,AFRO,183,265410,9,6862
2022-03-20,DZ,Algeria,AFRO,129,265539,9,6871
2022-03-27,DZ,Algeria,AFRO,82,265621,2,6873
2022-04-03,DZ,Algeria,AFRO,63,265684,1,6874
2022-04-10,DZ,Algeria,AFRO,36,265720,0,6874
2022-04-17,DZ,Algeria,AFRO,19,265739,0,6874
2022-04-24,DZ,Algeria,AFRO,22,265761,0,6874
2022-05-01,DZ,Algeria,AFRO,19,265780,1,6875
2022-05-08,DZ,Algeria,AFRO,14,265794,0,6875
2022-05-15,DZ,Algeria,AFRO,22,265816,0,6875
2022-05-22,DZ,Algeria,AFRO,35,265851,0,6875
2022-05-29,DZ,Algeria,AFRO,22,265873,0,6875
2022-06-05,DZ,Algeria,AFRO,23,265896,0,6875
2022-06-12,DZ,Algeria,AFRO,29,265925,0,6875
2022-06-19,DZ,Algeria,AFRO,46,265971,0,6875
2022-06-26,DZ,Algeria,AFRO,59,266030,0,6875
2022-07-03,DZ,Algeria,AFRO,85,266115,0,6875
2022-07-10,DZ,Algeria,AFRO,131,266246,0,6875
2022-07-17,DZ,Algeria,AFRO,178,266424,0,6875
2022-07-24,DZ,Algeria,AFRO,348,266772,1,6876
2022-07-31,DZ,Algeria,AFRO,602,267374,0,6876
2022-08-07,DZ,Algeria,AFRO,767,268141,2,6878
2022-08-14,DZ,Algeria,AFRO,867,269008,0,6878
2022-08-21,DZ,Algeria,AFRO,723,269731,0,6878
2022-08-28,DZ,Algeria,AFRO,444,270175,0,6878
2022-09-04,DZ,Algeria,AFRO,251,270426,0,6878
2022-09-11,DZ,Algeria,AFRO,106,270532,1,6879
2022-09-18,DZ,Algeria,AFRO,74,270606,0,6879
2022-09-25,DZ,Algeria,AFRO,37,270643,0,6879
2022-10-02,DZ,Algeria,AFRO,39,270682,0,6879
2022-10-09,DZ,Algeria,AFRO,25,270707,2,6881
2022-10-16,DZ,Algeria,AFRO,29,270736,0,6881
2022-10-23,DZ,Algeria,AFRO,41,270777,0,6881
2022-10-30,DZ,Algeria,AFRO,59,270836,0,6881
2022-11-06,DZ,Algeria,AFRO,11,270847,0,6881
2022-11-13,DZ,Algeria,AFRO,34,270881,0,6881
2022-11-20,DZ,Algeria,AFRO,71,270952,0,6881
2022-11-27,DZ,Algeria,AFRO,109,271061,0,6881
2022-12-04,DZ,Algeria,AFRO,41,271102,0,6881
2022-12-11,DZ,Algeria,AFRO,44,271146,0,6881
2022-12-18,DZ,Algeria,AFRO,22,271168,0,6881
2022-12-25,DZ,Algeria,AFRO,26,271194,0,6881
2023-01-01,DZ,Algeria,AFRO,23,271217,0,6881
2023-01-08,DZ,Algeria,AFRO,37,271254,0,6881
2023-01-15,DZ,Algeria,AFRO,33,271287,0,6881
2023-01-22,DZ,Algeria,AFRO,41,271328,0,6881
2023-01-29,DZ,Algeria,AFRO,41,271369,0,6881
2023-02-05,DZ,Algeria,AFRO,25,271394,0,6881
2023-02-12,DZ,Algeria,AFRO,15,271409,0,6881
2023-02-19,DZ,Algeria,AFRO,16,271425,0,6881
2023-02-26,DZ,Algeria,AFRO,14,271439,0,6881
2023-03-05,DZ,Algeria,AFRO,30,271469,0,6881
2023-03-12,DZ,Algeria,AFRO,34,271503,0,6881
2023-03-19,DZ,Algeria,AFRO,45,271548,0,6881
2023-03-26,DZ,Algeria,AFRO,20,271568,0,6881
2023-04-02,DZ,Algeria,AFRO,24,271592,0,6881
2023-04-09,DZ,Algeria,AFRO,21,271613,0,6881
2023-04-16,DZ,Algeria,AFRO,29,271642,0,6881
2023-04-23,DZ,Algeria,AFRO,29,271671,0,6881
2023-04-30,DZ,Algeria,AFRO,41,271712,0,6881
2023-05-07,DZ,Algeria,AFRO,53,271765,0,6881
2023-05-14,DZ,Algeria,AFRO,48,271813,0,6881
2023-05-21,DZ,Algeria,AFRO,9,271822,0,6881
2023-05-28,DZ,Algeria,AFRO,13,271835,0,6881
2023-06-04,DZ,Algeria,AFRO,6,271841,0,6881
2023-06-11,DZ,Algeria,AFRO,0,271841,0,6881
2023-06-18,DZ,Algeria,AFRO,6,271847,0,6881
2023-06-25,DZ,Algeria,AFRO,0,271847,0,6881
2023-07-02,DZ,Algeria,AFRO,5,271852,0,6881
2023-07-09,DZ,Algeria,AFRO,0,271852,0,6881
2023-07-16,DZ,Algeria,AFRO,0,271852,0,6881
2023-07-23,DZ,Algeria,AFRO,0,271852,0,6881
2023-07-30,DZ,Algeria,AFRO,0,271852,0,6881
2023-08-06,DZ,Algeria,AFRO,0,271852,0,6881
2023-08-13,DZ,Algeria,AFRO,17,271869,0,6881
2023-08-20,DZ,Algeria,AFRO,0,271869,0,6881
2023-08-27,DZ,Algeria,AFRO,2,271871,0,6881
2023-09-03,DZ,Algeria,AFRO,2,271873,0,6881
2023-09-10,DZ,Algeria,AFRO,4,271877,0,6881
2023-09-17,DZ,Algeria,AFRO,10,271887,0,6881
2023-09-24,DZ,Algeria,AFRO,8,271895,0,6881
2023-10-01,DZ,Algeria,AFRO,15,271910,0,6881
2023-10-08,DZ,Algeria,AFRO,9,271919,0,6881
2023-10-15,DZ,Algeria,AFRO,7,271926,0,6881
2023-10-22,DZ,Algeria,AFRO,8,271934,0,6881
2023-10-29,DZ,Algeria,AFRO,6,271940,0,6881
2023-11-05,DZ,Algeria,AFRO,20,271960,0,6881
2023-11-12,DZ,Algeria,AFRO,6,271966,0,6881
2023-11-19,DZ,Algeria,AFRO,12,271978,0,6881
2023-11-26,DZ,Algeria,AFRO,13,271991,0,6881
2023-12-03,DZ,Algeria,AFRO,19,272010,0,6881
2023-12-10,DZ,Algeria,AFRO,0,272010,0,6881
2023-12-17,DZ,Algeria,AFRO,0,272010,0,6881
2023-12-24,DZ,Algeria,AFRO,0,272010,0,6881
2023-12-31,DZ,Algeria,AFRO,0,272010,0,6881
2020-01-05,AS,American Samoa,WPRO,0,0,0,0
2020-01-12,AS,American Samoa,WPRO,0,0,0,0
2020-01-19,AS,American Samoa,WPRO,0,0,0,0
2020-01-26,AS,American Samoa,WPRO,0,0,0,0
2020-02-02,AS,American Samoa,WPRO,0,0,0,0
2020-02-09,AS,American Samoa,WPRO,0,0,0,0
2020-02-16,AS,American Samoa,WPRO,0,0,0,0
2020-02-23,AS,American Samoa,WPRO,0,0,0,0
2020-03-01,AS,American Samoa,WPRO,0,0,0,0
2020-03-08,AS,American Samoa,WPRO,0,0,0,0
2020-03-15,AS,American Samoa,WPRO,0,0,0,0
2020-03-22,AS,American Samoa,WPRO,0,0,0,0
2020-03-29,AS,American Samoa,WPRO,0,0,0,0
2020-04-05,AS,American Samoa,WPRO,0,0,0,0
2020-04-12,AS,American Samoa,WPRO,0,0,0,0
2020-04-19,AS,American Samoa,WPRO,0,0,0,0
2020-04-26,AS,American Samoa,WPRO,0,0,0,0
2020-05-03,AS,American Samoa,WPRO,0,0,0,0
2020-05-10,AS,American Samoa,WPRO,0,0,0,0
2020-05-17,AS,American Samoa,WPRO,0,0,0,0
2020-05-24,AS,American Samoa,WPRO,0,0,0,0
2020-05-31,AS,American Samoa,WPRO,0,0,0,0
2020-06-07,AS,American Samoa,WPRO,0,0,0,0
2020-06-14,AS,American Samoa,WPRO,0,0,0,0
2020-06-21,AS,American Samoa,WPRO,0,0,0,0
2020-06-28,AS,American Samoa,WPRO,0,0,0,0
2020-07-05,AS,American Samoa,WPRO,0,0,0,0
2020-07-12,AS,American Samoa,WPRO,0,0,0,0
2020-07-19,AS,American Samoa,WPRO,0,0,0,0
2020-07-26,AS,American Samoa,WPRO,0,0,0,0
2020-08-02,AS,American Samoa,WPRO,0,0,0,0
2020-08-09,AS,American Samoa,WPRO,0,0,0,0
2020-08-16,AS,American Samoa,WPRO,0,0,0,0
2020-08-23,AS,American Samoa,WPRO,0,0,0,0
2020-08-30,AS,American Samoa,WPRO,0,0,0,0
2020-09-06,AS,American Samoa,WPRO,0,0,0,0
2020-09-13,AS,American Samoa,WPRO,0,0,0,0
2020-09-20,AS,American Samoa,WPRO,0,0,0,0
2020-09-27,AS,American Samoa,WPRO,0,0,0,0
2020-10-04,AS,American Samoa,WPRO,0,0,0,0
2020-10-11,AS,American Samoa,WPRO,0,0,0,0
2020-10-18,AS,American Samoa,WPRO,0,0,0,0
2020-10-25,AS,American Samoa,WPRO,0,0,0,0
2020-11-01,AS,American Samoa,WPRO,0,0,0,0
2020-11-08,AS,American Samoa,WPRO,0,0,0,0
2020-11-15,AS,American Samoa,WPRO,0,0,0,0
2020-11-22,AS,American Samoa,WPRO,0,0,0,0
2020-11-29,AS,American Samoa,WPRO,0,0,0,0
2020-12-06,AS,American Samoa,WPRO,0,0,0,0
2020-12-13,AS,American Samoa,WPRO,0,0,0,0
2020-12-20,AS,American Samoa,WPRO,0,0,0,0
2020-12-27,AS,American Samoa,WPRO,0,0,0,0
2021-01-03,AS,American Samoa,WPRO,0,0,0,0
2021-01-10,AS,American Samoa,WPRO,0,0,0,0
2021-01-17,AS,American Samoa,WPRO,0,0,0,0
2021-01-24,AS,American Samoa,WPRO,0,0,0,0
2021-01-31,AS,American Samoa,WPRO,0,0,0,0
2021-02-07,AS,American Samoa,WPRO,0,0,0,0
2021-02-14,AS,American Samoa,WPRO,0,0,0,0
2021-02-21,AS,American Samoa,WPRO,0,0,0,0
2021-02-28,AS,American Samoa,WPRO,0,0,0,0
2021-03-07,AS,American Samoa,WPRO,0,0,0,0
2021-03-14,AS,American Samoa,WPRO,0,0,0,0
2021-03-21,AS,American Samoa,WPRO,0,0,0,0
2021-03-28,AS,American Samoa,WPRO,0,0,0,0
2021-04-04,AS,American Samoa,WPRO,0,0,0,0
2021-04-11,AS,American Samoa,WPRO,0,0,0,0
2021-04-18,AS,American Samoa,WPRO,0,0,0,0
2021-04-25,AS,American Samoa,WPRO,0,0,0,0
2021-05-02,AS,American Samoa,WPRO,0,0,0,0
2021-05-09,AS,American Samoa,WPRO,0,0,0,0
2021-05-16,AS,American Samoa,WPRO,0,0,0,0
2021-05-23,AS,American Samoa,WPRO,0,0,0,0
2021-05-30,AS,American Samoa,WPRO,0,0,0,0
2021-06-06,AS,American Samoa,WPRO,0,0,0,0
2021-06-13,AS,American Samoa,WPRO,0,0,0,0
2021-06-20,AS,American Samoa,WPRO,0,0,0,0
2021-06-27,AS,American Samoa,WPRO,0,0,0,0
2021-07-04,AS,American Samoa,WPRO,0,0,0,0
2021-07-11,AS,American Samoa,WPRO,0,0,0,0
2021-07-18,AS,American Samoa,WPRO,0,0,0,0
2021-07-25,AS,American Samoa,WPRO,0,0,0,0
2021-08-01,AS,American Samoa,WPRO,0,0,0,0
2021-08-08,AS,American Samoa,WPRO,0,0,0,0
2021-08-15,AS,American Samoa,WPRO,0,0,0,0
2021-08-22,AS,American Samoa,WPRO,0,0,0,0
2021-08-29,AS,American Samoa,WPRO,0,0,0,0
2021-09-05,AS,American Samoa,WPRO,0,0,0,0
2021-09-12,AS,American Samoa,WPRO,0,0,0,0
2021-09-19,AS,American Samoa,WPRO,1,1,0,0
2021-09-26,AS,American Samoa,WPRO,0,1,0,0
2021-10-03,AS,American Samoa,WPRO,0,1,0,0
2021-10-10,AS,American Samoa,WPRO,2,3,0,0
2021-10-17,AS,American Samoa,WPRO,0,3,0,0
2021-10-24,AS,American Samoa,WPRO,1,4,0,0
2021-10-31,AS,American Samoa,WPRO,0,4,0,0
2021-11-07,AS,American Samoa,WPRO,0,4,0,0
2021-11-14,AS,American Samoa,WPRO,1,5,0,0
2021-11-21,AS,American Samoa,WPRO,0,5,0,0
2021-11-28,AS,American Samoa,WPRO,0,5,0,0
2021-12-05,AS,American Samoa,WPRO,5,10,0,0
2021-12-12,AS,American Samoa,WPRO,1,11,0,0
2021-12-19,AS,American Samoa,WPRO,0,11,0,0
2021-12-26,AS,American Samoa,WPRO,0,11,0,0
2022-01-02,AS,American Samoa,WPRO,0,11,0,0
2022-01-09,AS,American Samoa,WPRO,7,18,0,0
2022-01-16,AS,American Samoa,WPRO,0,18,0,0
2022-01-23,AS,American Samoa,WPRO,0,18,0,0
2022-01-30,AS,American Samoa,WPRO,0,18,0,0
2022-02-06,AS,American Samoa,WPRO,31,49,0,0
2022-02-13,AS,American Samoa,WPRO,8,57,0,0
2022-02-20,AS,American Samoa,WPRO,0,57,0,0
2022-02-27,AS,American Samoa,WPRO,27,84,0,0
2022-03-06,AS,American Samoa,WPRO,208,292,0,0
2022-03-13,AS,American Samoa,WPRO,263,555,0,0
2022-03-20,AS,American Samoa,WPRO,842,1397,0,0
2022-03-27,AS,American Samoa,WPRO,1881,3278,2,2
2022-04-03,AS,American Samoa,WPRO,1378,4656,5,7
2022-04-10,AS,American Samoa,WPRO,746,5402,4,11
2022-04-17,AS,American Samoa,WPRO,133,5535,7,18
2022-04-24,AS,American Samoa,WPRO,230,5765,5,23
2022-05-01,AS,American Samoa,WPRO,92,5857,3,26
2022-05-08,AS,American Samoa,WPRO,98,5955,3,29
2022-05-15,AS,American Samoa,WPRO,63,6018,1,30
2022-05-22,AS,American Samoa,WPRO,65,6083,0,30
2022-05-29,AS,American Samoa,WPRO,62,6145,1,31
2022-06-05,AS,American Samoa,WPRO,124,6269,0,31
2022-06-12,AS,American Samoa,WPRO,73,6342,0,31
2022-06-19,AS,American Samoa,WPRO,72,6414,0,31
2022-06-26,AS,American Samoa,WPRO,91,6505,0,31
2022-07-03,AS,American Samoa,WPRO,0,6505,0,31
2022-07-10,AS,American Samoa,WPRO,0,6505,0,31
2022-07-17,AS,American Samoa,WPRO,963,7468,2,33
2022-07-24,AS,American Samoa,WPRO,0,7468,0,33
2022-07-31,AS,American Samoa,WPRO,298,7766,0,33
2022-08-07,AS,American Samoa,WPRO,186,7952,0,33
2022-08-14,AS,American Samoa,WPRO,90,8042,0,33
2022-08-21,AS,American Samoa,WPRO,0,8042,0,33
2022-08-28,AS,American Samoa,WPRO,126,8168,1,34
2022-09-04,AS,American Samoa,WPRO,0,8168,0,34
2022-09-11,AS,American Samoa,WPRO,49,8217,0,34
2022-09-18,AS,American Samoa,WPRO,18,8235,0,34
2022-09-25,AS,American Samoa,WPRO,12,8247,0,34
2022-10-02,AS,American Samoa,WPRO,3,8250,0,34
2022-10-09,AS,American Samoa,WPRO,0,8250,0,34
2022-10-16,AS,American Samoa,WPRO,1,8251,0,34
2022-10-23,AS,American Samoa,WPRO,2,8253,0,34
2022-10-30,AS,American Samoa,WPRO,4,8257,0,34
2022-11-06,AS,American Samoa,WPRO,0,8257,0,34
2022-11-13,AS,American Samoa,WPRO,5,8262,0,34
2022-11-20,AS,American Samoa,WPRO,1,8263,0,34
2022-11-27,AS,American Samoa,WPRO,1,8264,0,34
2022-12-04,AS,American Samoa,WPRO,0,8264,0,34
2022-12-11,AS,American Samoa,WPRO,1,8265,0,34
2022-12-18,AS,American Samoa,WPRO,1,8266,0,34
2022-12-25,AS,American Samoa,WPRO,0,8266,0,34
2023-01-01,AS,American Samoa,WPRO,19,8285,0,34
2023-01-08,AS,American Samoa,WPRO,17,8302,0,34
2023-01-15,AS,American Samoa,WPRO,7,8309,0,34
2023-01-22,AS,American Samoa,WPRO,8,8317,0,34
2023-01-29,AS,American Samoa,WPRO,3,8320,0,34
2023-02-05,AS,American Samoa,WPRO,0,8320,0,34
2023-02-12,AS,American Samoa,WPRO,0,8320,0,34
2023-02-19,AS,American Samoa,WPRO,0,8320,0,34
2023-02-26,AS,American Samoa,WPRO,0,8320,0,34
2023-03-05,AS,American Samoa,WPRO,0,8320,0,34
2023-03-12,AS,American Samoa,WPRO,0,8320,0,34
2023-03-19,AS,American Samoa,WPRO,1,8321,0,34
2023-03-26,AS,American Samoa,WPRO,3,8324,0,34
2023-04-02,AS,American Samoa,WPRO,2,8326,0,34
2023-04-09,AS,American Samoa,WPRO,1,8327,0,34
2023-04-16,AS,American Samoa,WPRO,2,8329,0,34
2023-04-23,AS,American Samoa,WPRO,0,8329,0,34
2023-04-30,AS,American Samoa,WPRO,0,8329,0,34
2023-05-07,AS,American Samoa,WPRO,2,8331,0,34
2023-05-14,AS,American Samoa,WPRO,0,8331,0,34
2023-05-21,AS,American Samoa,WPRO,0,8331,0,34
2023-05-28,AS,American Samoa,WPRO,0,8331,0,34
2023-06-04,AS,American Samoa,WPRO,1,8332,0,34
2023-06-11,AS,American Samoa,WPRO,0,8332,0,34
2023-06-18,AS,American Samoa,WPRO,0,8332,0,34
2023-06-25,AS,American Samoa,WPRO,0,8332,0,34
2023-07-02,AS,American Samoa,WPRO,0,8332,0,34
2023-07-09,AS,American Samoa,WPRO,9,8341,0,34
2023-07-16,AS,American Samoa,WPRO,0,8341,0,34
2023-07-23,AS,American Samoa,WPRO,0,8341,0,34
2023-07-30,AS,American Samoa,WPRO,0,8341,0,34
2023-08-06,AS,American Samoa,WPRO,0,8341,0,34
2023-08-13,AS,American Samoa,WPRO,0,8341,0,34
2023-08-20,AS,American Samoa,WPRO,0,8341,0,34
2023-08-27,AS,American Samoa,WPRO,0,8341,0,34
2023-09-03,AS,American Samoa,WPRO,0,8341,0,34
2023-09-10,AS,American Samoa,WPRO,0,8341,0,34
2023-09-17,AS,American Samoa,WPRO,18,8359,0,34
2023-09-24,AS,American Samoa,WPRO,0,8359,0,34
2023-10-01,AS,American Samoa,WPRO,0,8359,0,34
2023-10-08,AS,American Samoa,WPRO,0,8359,0,34
2023-10-15,AS,American Samoa,WPRO,0,8359,0,34
2023-10-22,AS,American Samoa,WPRO,0,8359,0,34
2023-10-29,AS,American Samoa,WPRO,0,8359,0,34
2023-11-05,AS,American Samoa,WPRO,0,8359,0,34
2023-11-12,AS,American Samoa,WPRO,0,8359,0,34
2023-11-19,AS,American Samoa,WPRO,0,8359,0,34
2023-11-26,AS,American Samoa,WPRO,0,8359,0,34
2023-12-03,AS,American Samoa,WPRO,0,8359,0,34
2023-12-10,AS,American Samoa,WPRO,0,8359,0,34
2023-12-17,AS,American Samoa,WPRO,0,8359,0,34
2023-12-24,AS,American Samoa,WPRO,0,8359,0,34
2023-12-31,AS,American Samoa,WPRO,0,8359,0,34
2020-01-05,AD,Andorra,EURO,0,0,0,0
2020-01-12,AD,Andorra,EURO,0,0,0,0
2020-01-19,AD,Andorra,EURO,0,0,0,0
2020-01-26,AD,Andorra,EURO,0,0,0,0
2020-02-02,AD,Andorra,EURO,0,0,0,0
2020-02-09,AD,Andorra,EURO,0,0,0,0
2020-02-16,AD,Andorra,EURO,0,0,0,0
2020-02-23,AD,Andorra,EURO,0,0,0,0
2020-03-01,AD,Andorra,EURO,0,0,0,0
2020-03-08,AD,Andorra,EURO,1,1,0,0
2020-03-15,AD,Andorra,EURO,1,2,0,0
2020-03-22,AD,Andorra,EURO,131,133,1,1
2020-03-29,AD,Andorra,EURO,208,341,5,6
2020-04-05,AD,Andorra,EURO,125,466,11,17
2020-04-12,AD,Andorra,EURO,156,622,11,28
2020-04-19,AD,Andorra,EURO,82,704,7,35
2020-04-26,AD,Andorra,EURO,34,738,5,40
2020-05-03,AD,Andorra,EURO,9,747,4,44
2020-05-10,AD,Andorra,EURO,7,754,4,48
2020-05-17,AD,Andorra,EURO,7,761,3,51
2020-05-24,AD,Andorra,EURO,2,763,0,51
2020-05-31,AD,Andorra,EURO,1,764,0,51
2020-06-07,AD,Andorra,EURO,88,852,0,51
2020-06-14,AD,Andorra,EURO,1,853,0,51
2020-06-21,AD,Andorra,EURO,2,855,1,52
2020-06-28,AD,Andorra,EURO,0,855,0,52
2020-07-05,AD,Andorra,EURO,0,855,0,52
2020-07-12,AD,Andorra,EURO,0,855,0,52
2020-07-19,AD,Andorra,EURO,25,880,0,52
2020-07-26,AD,Andorra,EURO,17,897,0,52
2020-08-02,AD,Andorra,EURO,33,930,0,52
2020-08-09,AD,Andorra,EURO,26,956,0,52
2020-08-16,AD,Andorra,EURO,41,997,1,53
2020-08-23,AD,Andorra,EURO,50,1047,0,53
2020-08-30,AD,Andorra,EURO,77,1124,0,53
2020-09-06,AD,Andorra,EURO,91,1215,0,53
2020-09-13,AD,Andorra,EURO,129,1344,0,53
2020-09-20,AD,Andorra,EURO,220,1564,0,53
2020-09-27,AD,Andorra,EURO,272,1836,0,53
2020-10-04,AD,Andorra,EURO,274,2110,0,53
2020-10-11,AD,Andorra,EURO,586,2696,2,55
2020-10-18,AD,Andorra,EURO,681,3377,4,59
2020-10-25,AD,Andorra,EURO,661,4038,10,69
2020-11-01,AD,Andorra,EURO,718,4756,6,75
2020-11-08,AD,Andorra,EURO,563,5319,0,75
2020-11-15,AD,Andorra,EURO,406,5725,0,75
2020-11-22,AD,Andorra,EURO,482,6207,1,76
2020-11-29,AD,Andorra,EURO,403,6610,0,76
2020-12-06,AD,Andorra,EURO,395,7005,2,78
2020-12-13,AD,Andorra,EURO,283,7288,0,78
2020-12-20,AD,Andorra,EURO,272,7560,2,80
2020-12-27,AD,Andorra,EURO,246,7806,3,83
2021-01-03,AD,Andorra,EURO,360,8166,1,84
2021-01-10,AD,Andorra,EURO,420,8586,1,85
2021-01-17,AD,Andorra,EURO,452,9038,6,91
2021-01-24,AD,Andorra,EURO,461,9499,5,96
2021-01-31,AD,Andorra,EURO,386,9885,5,101
2021-02-07,AD,Andorra,EURO,321,10206,4,105
2021-02-14,AD,Andorra,EURO,257,10463,2,107
2021-02-21,AD,Andorra,EURO,209,10672,0,107
2021-02-28,AD,Andorra,EURO,177,10849,3,110
2021-03-07,AD,Andorra,EURO,170,11019,2,112
2021-03-14,AD,Andorra,EURO,209,11228,0,112
2021-03-21,AD,Andorra,EURO,253,11481,1,113
2021-03-28,AD,Andorra,EURO,328,11809,2,115
2021-04-04,AD,Andorra,EURO,365,12174,2,117
2021-04-11,AD,Andorra,EURO,323,12497,3,120
2021-04-18,AD,Andorra,EURO,274,12771,3,123
2021-04-25,AD,Andorra,EURO,253,13024,1,124
2021-05-02,AD,Andorra,EURO,208,13232,1,125
2021-05-09,AD,Andorra,EURO,174,13406,2,127
2021-05-16,AD,Andorra,EURO,104,13510,0,127
2021-05-23,AD,Andorra,EURO,99,13609,0,127
2021-05-30,AD,Andorra,EURO,84,13693,0,127
2021-06-06,AD,Andorra,EURO,65,13758,0,127
2021-06-13,AD,Andorra,EURO,55,13813,0,127
2021-06-20,AD,Andorra,EURO,29,13842,0,127
2021-06-27,AD,Andorra,EURO,40,13882,0,127
2021-07-04,AD,Andorra,EURO,36,13918,0,127
2021-07-11,AD,Andorra,EURO,157,14075,0,127
2021-07-18,AD,Andorra,EURO,198,14273,0,127
2021-07-25,AD,Andorra,EURO,225,14498,0,127
2021-08-01,AD,Andorra,EURO,180,14678,1,128
2021-08-08,AD,Andorra,EURO,158,14836,0,128
2021-08-15,AD,Andorra,EURO,88,14924,1,129
2021-08-22,AD,Andorra,EURO,64,14988,0,129
2021-08-29,AD,Andorra,EURO,37,15025,1,130
2021-09-05,AD,Andorra,EURO,30,15055,0,130
2021-09-12,AD,Andorra,EURO,28,15083,0,130
2021-09-19,AD,Andorra,EURO,41,15124,0,130
2021-09-26,AD,Andorra,EURO,43,15167,0,130
2021-10-03,AD,Andorra,EURO,55,15222,0,130
2021-10-10,AD,Andorra,EURO,69,15291,0,130
2021-10-17,AD,Andorra,EURO,47,15338,0,130
2021-10-24,AD,Andorra,EURO,66,15404,0,130
2021-10-31,AD,Andorra,EURO,112,15516,0,130
2021-11-07,AD,Andorra,EURO,102,15618,0,130
2021-11-14,AD,Andorra,EURO,201,15819,0,130
2021-11-21,AD,Andorra,EURO,267,16086,0,130
2021-11-28,AD,Andorra,EURO,626,16712,1,131
2021-12-05,AD,Andorra,EURO,1298,18010,1,132
2021-12-12,AD,Andorra,EURO,1430,19440,1,133
2021-12-19,AD,Andorra,EURO,1109,20549,1,134
2021-12-26,AD,Andorra,EURO,1181,21730,5,139
2022-01-02,AD,Andorra,EURO,2010,23740,1,140
2022-01-09,AD,Andorra,EURO,2668,26408,1,141
2022-01-16,AD,Andorra,EURO,3480,29888,1,142
2022-01-23,AD,Andorra,EURO,3137,33025,2,144
2022-01-30,AD,Andorra,EURO,2531,35556,1,145
2022-02-06,AD,Andorra,EURO,1043,36599,2,147
2022-02-13,AD,Andorra,EURO,541,37140,1,148
2022-02-20,AD,Andorra,EURO,449,37589,2,150
2022-02-27,AD,Andorra,EURO,410,37999,1,151
2022-03-06,AD,Andorra,EURO,435,38434,0,151
2022-03-13,AD,Andorra,EURO,360,38794,1,152
2022-03-20,AD,Andorra,EURO,440,39234,1,153
2022-03-27,AD,Andorra,EURO,479,39713,0,153
2022-04-03,AD,Andorra,EURO,311,40024,0,153
2022-04-10,AD,Andorra,EURO,304,40328,0,153
2022-04-17,AD,Andorra,EURO,381,40709,0,153
2022-04-24,AD,Andorra,EURO,304,41013,0,153
2022-05-01,AD,Andorra,EURO,336,41349,0,153
2022-05-08,AD,Andorra,EURO,368,41717,0,153
2022-05-15,AD,Andorra,EURO,439,42156,0,153
2022-05-22,AD,Andorra,EURO,416,42572,0,153
2022-05-29,AD,Andorra,EURO,322,42894,0,153
2022-06-05,AD,Andorra,EURO,173,43067,0,153
2022-06-12,AD,Andorra,EURO,157,43224,0,153
2022-06-19,AD,Andorra,EURO,225,43449,0,153
2022-06-26,AD,Andorra,EURO,325,43774,0,153
2022-07-03,AD,Andorra,EURO,403,44177,0,153
2022-07-10,AD,Andorra,EURO,494,44671,0,153
2022-07-17,AD,Andorra,EURO,390,45061,0,153
2022-07-24,AD,Andorra,EURO,265,45326,0,153
2022-07-31,AD,Andorra,EURO,182,45508,0,153
2022-08-07,AD,Andorra,EURO,285,45793,1,154
2022-08-14,AD,Andorra,EURO,106,45899,0,154
2022-08-21,AD,Andorra,EURO,76,45975,0,154
2022-08-28,AD,Andorra,EURO,52,46027,0,154
2022-09-04,AD,Andorra,EURO,0,46027,0,154
2022-09-11,AD,Andorra,EURO,86,46113,1,155
2022-09-18,AD,Andorra,EURO,34,46147,0,155
2022-09-25,AD,Andorra,EURO,0,46147,0,155
2022-10-02,AD,Andorra,EURO,80,46227,0,155
2022-10-09,AD,Andorra,EURO,48,46275,0,155
2022-10-16,AD,Andorra,EURO,91,46366,0,155
2022-10-23,AD,Andorra,EURO,83,46449,0,155
2022-10-30,AD,Andorra,EURO,86,46535,0,155
2022-11-06,AD,Andorra,EURO,53,46588,0,155
2022-11-13,AD,Andorra,EURO,76,46664,0,155
2022-11-20,AD,Andorra,EURO,160,46824,1,156
2022-11-27,AD,Andorra,EURO,0,46824,0,156
2022-12-04,AD,Andorra,EURO,395,47219,1,157
2022-12-11,AD,Andorra,EURO,227,47446,1,158
2022-12-18,AD,Andorra,EURO,160,47606,0,158
2022-12-25,AD,Andorra,EURO,80,47686,0,158
2023-01-01,AD,Andorra,EURO,65,47751,0,158
2023-01-08,AD,Andorra,EURO,30,47781,1,159
2023-01-15,AD,Andorra,EURO,0,47781,0,159
2023-01-22,AD,Andorra,EURO,39,47820,0,159
2023-01-29,AD,Andorra,EURO,19,47839,0,159
2023-02-05,AD,Andorra,EURO,11,47850,0,159
2023-02-12,AD,Andorra,EURO,10,47860,0,159
2023-02-19,AD,Andorra,EURO,6,47866,0,159
2023-02-26,AD,Andorra,EURO,9,47875,0,159
2023-03-05,AD,Andorra,EURO,15,47890,0,159
2023-03-12,AD,Andorra,EURO,8,47898,0,159
2023-03-19,AD,Andorra,EURO,10,47908,0,159
2023-03-26,AD,Andorra,EURO,9,47917,0,159
2023-04-02,AD,Andorra,EURO,13,47930,0,159
2023-04-09,AD,Andorra,EURO,9,47939,0,159
2023-04-16,AD,Andorra,EURO,6,47945,0,159
2023-04-23,AD,Andorra,EURO,0,47945,0,159
2023-04-30,AD,Andorra,EURO,29,47974,0,159
2023-05-07,AD,Andorra,EURO,41,48015,0,159
2023-05-14,AD,Andorra,EURO,0,48015,0,159
2023-05-21,AD,Andorra,EURO,0,48015,0,159
2023-05-28,AD,Andorra,EURO,0,48015,0,159
2023-06-04,AD,Andorra,EURO,0,48015,0,159
2023-06-11,AD,Andorra,EURO,0,48015,0,159
2023-06-18,AD,Andorra,EURO,0,48015,0,159
2023-06-25,AD,Andorra,EURO,0,48015,0,159
2023-07-02,AD,Andorra,EURO,0,48015,0,159
2023-07-09,AD,Andorra,EURO,0,48015,0,159
2023-07-16,AD,Andorra,EURO,0,48015,0,159
2023-07-23,AD,Andorra,EURO,0,48015,0,159
2023-07-30,AD,Andorra,EURO,0,48015,0,159
2023-08-06,AD,Andorra,EURO,0,48015,0,159
2023-08-13,AD,Andorra,EURO,0,48015,0,159
2023-08-20,AD,Andorra,EURO,0,48015,0,159
2023-08-27,AD,Andorra,EURO,0,48015,0,159
2023-09-03,AD,Andorra,EURO,0,48015,0,159
2023-09-10,AD,Andorra,EURO,0,48015,0,159
2023-09-17,AD,Andorra,EURO,0,48015,0,159
2023-09-24,AD,Andorra,EURO,0,48015,0,159
2023-10-01,AD,Andorra,EURO,0,48015,0,159
2023-10-08,AD,Andorra,EURO,0,48015,0,159
2023-10-15,AD,Andorra,EURO,0,48015,0,159
2023-10-22,AD,Andorra,EURO,0,48015,0,159
2023-10-29,AD,Andorra,EURO,0,48015,0,159
2023-11-05,AD,Andorra,EURO,0,48015,0,159
2023-11-12,AD,Andorra,EURO,0,48015,0,159
2023-11-19,AD,Andorra,EURO,0,48015,0,159
2023-11-26,AD,Andorra,EURO,0,48015,0,159
2023-12-03,AD,Andorra,EURO,0,48015,0,159
2023-12-10,AD,Andorra,EURO,0,48015,0,159
2023-12-17,AD,Andorra,EURO,0,48015,0,159
2023-12-24,AD,Andorra,EURO,0,48015,0,159
2023-12-31,AD,Andorra,EURO,0,48015,0,159
2020-01-05,AO,Angola,AFRO,0,0,0,0
2020-01-12,AO,Angola,AFRO,0,0,0,0
2020-01-19,AO,Angola,AFRO,0,0,0,0
2020-01-26,AO,Angola,AFRO,0,0,0,0
2020-02-02,AO,Angola,AFRO,0,0,0,0
2020-02-09,AO,Angola,AFRO,0,0,0,0
2020-02-16,AO,Angola,AFRO,0,0,0,0
2020-02-23,AO,Angola,AFRO,0,0,0,0
2020-03-01,AO,Angola,AFRO,0,0,0,0
2020-03-08,AO,Angola,AFRO,0,0,0,0
2020-03-15,AO,Angola,AFRO,0,0,0,0
2020-03-22,AO,Angola,AFRO,0,0,0,0
2020-03-29,AO,Angola,AFRO,0,0,0,0
2020-04-05,AO,Angola,AFRO,10,10,0,0
2020-04-12,AO,Angola,AFRO,9,19,0,0
2020-04-19,AO,Angola,AFRO,5,24,0,0
2020-04-26,AO,Angola,AFRO,1,25,0,0
2020-05-03,AO,Angola,AFRO,10,35,0,0
2020-05-10,AO,Angola,AFRO,8,43,0,0
2020-05-17,AO,Angola,AFRO,5,48,0,0
2020-05-24,AO,Angola,AFRO,13,61,3,3
2020-05-31,AO,Angola,AFRO,23,84,1,4
2020-06-07,AO,Angola,AFRO,4,88,0,4
2020-06-14,AO,Angola,AFRO,50,138,2,6
2020-06-21,AO,Angola,AFRO,34,172,2,8
2020-06-28,AO,Angola,AFRO,87,259,2,10
2020-07-05,AO,Angola,AFRO,87,346,9,19
2020-07-12,AO,Angola,AFRO,137,483,6,25
2020-07-19,AO,Angola,AFRO,204,687,4,29
2020-07-26,AO,Angola,AFRO,229,916,10,39
2020-08-02,AO,Angola,AFRO,248,1164,15,54
2020-08-09,AO,Angola,AFRO,408,1572,16,70
2020-08-16,AO,Angola,AFRO,307,1879,16,86
2020-08-23,AO,Angola,AFRO,255,2134,8,94
2020-08-30,AO,Angola,AFRO,417,2551,13,107
2020-09-06,AO,Angola,AFRO,384,2935,10,117
2020-09-13,AO,Angola,AFRO,400,3335,15,132
2020-09-20,AO,Angola,AFRO,566,3901,15,147
2020-09-27,AO,Angola,AFRO,771,4672,22,169
2020-10-04,AO,Angola,AFRO,698,5370,19,188
2020-10-11,AO,Angola,AFRO,876,6246,33,221
2020-10-18,AO,Angola,AFRO,1216,7462,23,244
2020-10-25,AO,Angola,AFRO,1564,9026,26,270
2020-11-01,AO,Angola,AFRO,1779,10805,17,287
2020-11-08,AO,Angola,AFRO,1530,12335,16,303
2020-11-15,AO,Angola,AFRO,1039,13374,19,322
2020-11-22,AO,Angola,AFRO,1039,14413,14,336
2020-11-29,AO,Angola,AFRO,674,15087,9,345
2020-12-06,AO,Angola,AFRO,449,15536,9,354
2020-12-13,AO,Angola,AFRO,625,16161,12,366
2020-12-20,AO,Angola,AFRO,465,16626,20,386
2020-12-27,AO,Angola,AFRO,523,17149,14,400
2021-01-03,AO,Angola,AFRO,459,17608,7,407
2021-01-10,AO,Angola,AFRO,548,18156,9,416
2021-01-17,AO,Angola,AFRO,609,18765,15,431
2021-01-24,AO,Angola,AFRO,602,19367,26,457
2021-01-31,AO,Angola,AFRO,415,19782,7,464
2021-02-07,AO,Angola,AFRO,280,20062,11,475
2021-02-14,AO,Angola,AFRO,267,20329,16,491
2021-02-21,AO,Angola,AFRO,170,20499,7,498
2021-02-28,AO,Angola,AFRO,283,20782,8,506
2021-03-07,AO,Angola,AFRO,273,21055,6,512
2021-03-14,AO,Angola,AFRO,268,21323,8,520
2021-03-21,AO,Angola,AFRO,373,21696,6,526
2021-03-28,AO,Angola,AFRO,335,22031,7,533
2021-04-04,AO,Angola,AFRO,548,22579,7,540
2021-04-11,AO,Angola,AFRO,752,23331,10,550
2021-04-18,AO,Angola,AFRO,969,24300,11,561
2021-04-25,AO,Angola,AFRO,1192,25492,16,577
2021-05-02,AO,Angola,AFRO,1323,26815,23,600
2021-05-09,AO,Angola,AFRO,1662,28477,30,630
2021-05-16,AO,Angola,AFRO,1877,30354,25,655
2021-05-23,AO,Angola,AFRO,1795,32149,60,715
2021-05-30,AO,Angola,AFRO,2031,34180,42,757
2021-06-06,AO,Angola,AFRO,1414,35594,37,794
2021-06-13,AO,Angola,AFRO,1006,36600,31,825
2021-06-20,AO,Angola,AFRO,1004,37604,31,856
2021-06-27,AO,Angola,AFRO,924,38528,31,887
2021-07-04,AO,Angola,AFRO,644,39172,23,910
2021-07-11,AO,Angola,AFRO,709,39881,19,929
2021-07-18,AO,Angola,AFRO,826,40707,25,954
2021-07-25,AO,Angola,AFRO,1029,41736,28,982
2021-08-01,AO,Angola,AFRO,1041,42777,29,1011
2021-08-08,AO,Angola,AFRO,815,43592,33,1044
2021-08-15,AO,Angola,AFRO,941,44533,42,1086
2021-08-22,AO,Angola,AFRO,1284,45817,54,1140
2021-08-29,AO,Angola,AFRO,1262,47079,52,1192
2021-09-05,AO,Angola,AFRO,1396,48475,66,1258
2021-09-12,AO,Angola,AFRO,1873,50348,69,1327
2021-09-19,AO,Angola,AFRO,1959,52307,61,1388
2021-09-26,AO,Angola,AFRO,2488,54795,99,1487
2021-10-03,AO,Angola,AFRO,3808,58603,87,1574
2021-10-10,AO,Angola,AFRO,2642,61245,44,1618
2021-10-17,AO,Angola,AFRO,1544,62789,44,1662
2021-10-24,AO,Angola,AFRO,986,63775,33,1695
2021-10-31,AO,Angola,AFRO,599,64374,13,1708
2021-11-07,AO,Angola,AFRO,280,64654,11,1719
2021-11-14,AO,Angola,AFRO,245,64899,8,1727
2021-11-21,AO,Angola,AFRO,112,65011,3,1730
2021-11-28,AO,Angola,AFRO,128,65139,3,1733
2021-12-05,AO,Angola,AFRO,105,65244,2,1735
2021-12-12,AO,Angola,AFRO,153,65397,2,1737
2021-12-19,AO,Angola,AFRO,471,65868,1,1738
2021-12-26,AO,Angola,AFRO,5274,71142,8,1746
2022-01-02,AO,Angola,AFRO,11256,82398,26,1772
2022-01-09,AO,Angola,AFRO,6377,88775,37,1809
2022-01-16,AO,Angola,AFRO,4749,93524,48,1857
2022-01-23,AO,Angola,AFRO,2378,95902,29,1886
2022-01-30,AO,Angola,AFRO,2155,98057,8,1894
2022-02-06,AO,Angola,AFRO,294,98351,2,1896
2022-02-13,AO,Angola,AFRO,163,98514,2,1898
2022-02-20,AO,Angola,AFRO,103,98617,1,1899
2022-02-27,AO,Angola,AFRO,84,98701,0,1899
2022-03-06,AO,Angola,AFRO,101,98802,1,1900
2022-03-13,AO,Angola,AFRO,107,98909,0,1900
2022-03-20,AO,Angola,AFRO,101,99010,0,1900
2022-03-27,AO,Angola,AFRO,96,99106,0,1900
2022-04-03,AO,Angola,AFRO,88,99194,0,1900
2022-04-10,AO,Angola,AFRO,0,99194,0,1900
2022-04-17,AO,Angola,AFRO,93,99287,0,1900
2022-04-24,AO,Angola,AFRO,31,99318,0,1900
2022-05-01,AO,Angola,AFRO,5,99323,0,1900
2022-05-08,AO,Angola,AFRO,90,99413,0,1900
2022-05-15,AO,Angola,AFRO,68,99481,0,1900
2022-05-22,AO,Angola,AFRO,46,99527,0,1900
2022-05-29,AO,Angola,AFRO,234,99761,0,1900
2022-06-05,AO,Angola,AFRO,78,99839,0,1900
2022-06-12,AO,Angola,AFRO,0,99839,0,1900
2022-06-19,AO,Angola,AFRO,987,100826,0,1900
2022-06-26,AO,Angola,AFRO,431,101257,0,1900
2022-07-03,AO,Angola,AFRO,343,101600,0,1900
2022-07-10,AO,Angola,AFRO,383,101983,9,1909
2022-07-17,AO,Angola,AFRO,226,102209,3,1912
2022-07-24,AO,Angola,AFRO,92,102301,0,1912
2022-07-31,AO,Angola,AFRO,174,102475,4,1916
2022-08-07,AO,Angola,AFRO,161,102636,1,1917
2022-08-14,AO,Angola,AFRO,107,102743,0,1917
2022-08-21,AO,Angola,AFRO,182,102925,0,1917
2022-08-28,AO,Angola,AFRO,97,103022,0,1917
2022-09-04,AO,Angola,AFRO,107,103129,0,1917
2022-09-11,AO,Angola,AFRO,2,103131,0,1917
2022-09-18,AO,Angola,AFRO,0,103131,0,1917
2022-09-25,AO,Angola,AFRO,0,103131,0,1917
2022-10-02,AO,Angola,AFRO,99,103230,0,1917
2022-10-09,AO,Angola,AFRO,27,103257,0,1917
2022-10-16,AO,Angola,AFRO,42,103299,0,1917
2022-10-23,AO,Angola,AFRO,115,103414,0,1917
2022-10-30,AO,Angola,AFRO,184,103598,0,1917
2022-11-06,AO,Angola,AFRO,350,103948,1,1918
2022-11-13,AO,Angola,AFRO,279,104227,3,1921
2022-11-20,AO,Angola,AFRO,259,104486,2,1923
2022-11-27,AO,Angola,AFRO,173,104659,1,1924
2022-12-04,AO,Angola,AFRO,149,104808,1,1925
2022-12-11,AO,Angola,AFRO,138,104946,3,1928
2022-12-18,AO,Angola,AFRO,88,105034,0,1928
2022-12-25,AO,Angola,AFRO,36,105070,1,1929
2023-01-01,AO,Angola,AFRO,25,105095,1,1930
2023-01-08,AO,Angola,AFRO,45,105140,1,1931
2023-01-15,AO,Angola,AFRO,21,105161,0,1931
2023-01-22,AO,Angola,AFRO,22,105183,0,1931
2023-01-29,AO,Angola,AFRO,1,105184,0,1931
2023-02-05,AO,Angola,AFRO,21,105205,0,1931
2023-02-12,AO,Angola,AFRO,19,105224,1,1932
2023-02-19,AO,Angola,AFRO,19,105243,0,1932
2023-02-26,AO,Angola,AFRO,12,105255,1,1933
2023-03-05,AO,Angola,AFRO,22,105277,0,1933
2023-03-12,AO,Angola,AFRO,11,105288,0,1933
2023-03-19,AO,Angola,AFRO,10,105298,0,1933
2023-03-26,AO,Angola,AFRO,18,105316,0,1933
2023-04-02,AO,Angola,AFRO,15,105331,1,1934
2023-04-09,AO,Angola,AFRO,13,105344,0,1934
2023-04-16,AO,Angola,AFRO,9,105353,0,1934
2023-04-23,AO,Angola,AFRO,31,105384,0,1934
2023-04-30,AO,Angola,AFRO,0,105384,0,1934
2023-05-07,AO,Angola,AFRO,177,105561,2,1936
2023-05-14,AO,Angola,AFRO,120,105681,0,1936
2023-05-21,AO,Angola,AFRO,89,105770,0,1936
2023-05-28,AO,Angola,AFRO,49,105819,0,1936
2023-06-04,AO,Angola,AFRO,32,105851,0,1936
2023-06-11,AO,Angola,AFRO,33,105884,0,1936
2023-06-18,AO,Angola,AFRO,13,105897,0,1936
2023-06-25,AO,Angola,AFRO,7,105904,0,1936
2023-07-02,AO,Angola,AFRO,2,105906,0,1936
2023-07-09,AO,Angola,AFRO,15,105921,0,1936
2023-07-16,AO,Angola,AFRO,4,105925,0,1936
2023-07-23,AO,Angola,AFRO,1,105926,0,1936
2023-07-30,AO,Angola,AFRO,5,105931,0,1936
2023-08-06,AO,Angola,AFRO,2,105933,0,1936
2023-08-13,AO,Angola,AFRO,1,105934,0,1936
2023-08-20,AO,Angola,AFRO,0,105934,0,1936
2023-08-27,AO,Angola,AFRO,3,105937,0,1936
2023-09-03,AO,Angola,AFRO,7,105944,0,1936
2023-09-10,AO,Angola,AFRO,8,105952,0,1936
2023-09-17,AO,Angola,AFRO,8,105960,0,1936
2023-09-24,AO,Angola,AFRO,2,105962,0,1936
2023-10-01,AO,Angola,AFRO,6,105968,0,1936
2023-10-08,AO,Angola,AFRO,4,105972,0,1936
2023-10-15,AO,Angola,AFRO,3,105975,0,1936
2023-10-22,AO,Angola,AFRO,1,105976,0,1936
2023-10-29,AO,Angola,AFRO,0,105976,0,1936
2023-11-05,AO,Angola,AFRO,2,105978,0,1936
2023-11-12,AO,Angola,AFRO,9,105987,0,1936
2023-11-19,AO,Angola,AFRO,15,106002,0,1936
2023-11-26,AO,Angola,AFRO,122,106124,0,1936
2023-12-03,AO,Angola,AFRO,92,106216,1,1937
2023-12-10,AO,Angola,AFRO,87,106303,0,1937
2023-12-17,AO,Angola,AFRO,45,106348,0,1937
2023-12-24,AO,Angola,AFRO,372,106720,0,1937
2023-12-31,AO,Angola,AFRO,0,106720,0,1937
2020-01-05,AI,Anguilla,AMRO,0,0,0,0
2020-01-12,AI,Anguilla,AMRO,0,0,0,0
2020-01-19,AI,Anguilla,AMRO,0,0,0,0
2020-01-26,AI,Anguilla,AMRO,0,0,0,0
2020-02-02,AI,Anguilla,AMRO,0,0,0,0
2020-02-09,AI,Anguilla,AMRO,0,0,0,0
2020-02-16,AI,Anguilla,AMRO,0,0,0,0
2020-02-23,AI,Anguilla,AMRO,0,0,0,0
2020-03-01,AI,Anguilla,AMRO,0,0,0,0
2020-03-08,AI,Anguilla,AMRO,0,0,0,0
2020-03-15,AI,Anguilla,AMRO,0,0,0,0
2020-03-22,AI,Anguilla,AMRO,0,0,0,0
2020-03-29,AI,Anguilla,AMRO,2,2,0,0
2020-04-05,AI,Anguilla,AMRO,1,3,0,0
2020-04-12,AI,Anguilla,AMRO,0,3,0,0
2020-04-19,AI,Anguilla,AMRO,0,3,0,0
2020-04-26,AI,Anguilla,AMRO,0,3,0,0
2020-05-03,AI,Anguilla,AMRO,0,3,0,0
2020-05-10,AI,Anguilla,AMRO,0,3,0,0
2020-05-17,AI,Anguilla,AMRO,0,3,0,0
2020-05-24,AI,Anguilla,AMRO,0,3,0,0
2020-05-31,AI,Anguilla,AMRO,0,3,0,0
2020-06-07,AI,Anguilla,AMRO,0,3,0,0
2020-06-14,AI,Anguilla,AMRO,0,3,0,0
2020-06-21,AI,Anguilla,AMRO,0,3,0,0
2020-06-28,AI,Anguilla,AMRO,0,3,0,0
2020-07-05,AI,Anguilla,AMRO,0,3,0,0
2020-07-12,AI,Anguilla,AMRO,0,3,0,0
2020-07-19,AI,Anguilla,AMRO,0,3,0,0
2020-07-26,AI,Anguilla,AMRO,0,3,0,0
2020-08-02,AI,Anguilla,AMRO,0,3,0,0
2020-08-09,AI,Anguilla,AMRO,0,3,0,0
2020-08-16,AI,Anguilla,AMRO,0,3,0,0
2020-08-23,AI,Anguilla,AMRO,0,3,0,0
2020-08-30,AI,Anguilla,AMRO,0,3,0,0
2020-09-06,AI,Anguilla,AMRO,0,3,0,0
2020-09-13,AI,Anguilla,AMRO,0,3,0,0
2020-09-20,AI,Anguilla,AMRO,0,3,0,0
2020-09-27,AI,Anguilla,AMRO,0,3,0,0
2020-10-04,AI,Anguilla,AMRO,0,3,0,0
2020-10-11,AI,Anguilla,AMRO,0,3,0,0
2020-10-18,AI,Anguilla,AMRO,0,3,0,0
2020-10-25,AI,Anguilla,AMRO,0,3,0,0
2020-11-01,AI,Anguilla,AMRO,0,3,0,0
2020-11-08,AI,Anguilla,AMRO,0,3,0,0
2020-11-15,AI,Anguilla,AMRO,0,3,0,0
2020-11-22,AI,Anguilla,AMRO,0,3,0,0
2020-11-29,AI,Anguilla,AMRO,1,4,0,0
2020-12-06,AI,Anguilla,AMRO,3,7,0,0
2020-12-13,AI,Anguilla,AMRO,3,10,0,0
2020-12-20,AI,Anguilla,AMRO,0,10,0,0
2020-12-27,AI,Anguilla,AMRO,2,12,0,0
2021-01-03,AI,Anguilla,AMRO,3,15,0,0
2021-01-10,AI,Anguilla,AMRO,0,15,0,0
2021-01-17,AI,Anguilla,AMRO,0,15,0,0
2021-01-24,AI,Anguilla,AMRO,0,15,0,0
2021-01-31,AI,Anguilla,AMRO,2,17,0,0
2021-02-07,AI,Anguilla,AMRO,0,17,0,0
2021-02-14,AI,Anguilla,AMRO,1,18,0,0
2021-02-21,AI,Anguilla,AMRO,0,18,0,0
2021-02-28,AI,Anguilla,AMRO,0,18,0,0
2021-03-07,AI,Anguilla,AMRO,0,18,0,0
2021-03-14,AI,Anguilla,AMRO,3,21,0,0
2021-03-21,AI,Anguilla,AMRO,1,22,0,0
2021-03-28,AI,Anguilla,AMRO,1,23,0,0
2021-04-04,AI,Anguilla,AMRO,2,25,0,0
2021-04-11,AI,Anguilla,AMRO,4,29,0,0
2021-04-18,AI,Anguilla,AMRO,0,29,0,0
2021-04-25,AI,Anguilla,AMRO,29,58,0,0
2021-05-02,AI,Anguilla,AMRO,35,93,0,0
2021-05-09,AI,Anguilla,AMRO,6,99,0,0
2021-05-16,AI,Anguilla,AMRO,10,109,0,0
2021-05-23,AI,Anguilla,AMRO,0,109,0,0
2021-05-30,AI,Anguilla,AMRO,0,109,0,0
2021-06-06,AI,Anguilla,AMRO,0,109,0,0
2021-06-13,AI,Anguilla,AMRO,0,109,0,0
2021-06-20,AI,Anguilla,AMRO,0,109,0,0
2021-06-27,AI,Anguilla,AMRO,0,109,0,0
2021-07-04,AI,Anguilla,AMRO,2,111,0,0
2021-07-11,AI,Anguilla,AMRO,0,111,0,0
2021-07-18,AI,Anguilla,AMRO,1,112,0,0
2021-07-25,AI,Anguilla,AMRO,1,113,0,0
2021-08-01,AI,Anguilla,AMRO,1,114,0,0
2021-08-08,AI,Anguilla,AMRO,0,114,0,0
2021-08-15,AI,Anguilla,AMRO,13,127,0,0
2021-08-22,AI,Anguilla,AMRO,27,154,0,0
2021-08-29,AI,Anguilla,AMRO,40,194,0,0
2021-09-05,AI,Anguilla,AMRO,85,279,0,0
2021-09-12,AI,Anguilla,AMRO,33,312,0,0
2021-09-19,AI,Anguilla,AMRO,19,331,0,0
2021-09-26,AI,Anguilla,AMRO,33,364,1,1
2021-10-03,AI,Anguilla,AMRO,61,425,0,1
2021-10-10,AI,Anguilla,AMRO,119,544,0,1
2021-10-17,AI,Anguilla,AMRO,124,668,0,1
2021-10-24,AI,Anguilla,AMRO,125,793,0,1
2021-10-31,AI,Anguilla,AMRO,99,892,0,1
2021-11-07,AI,Anguilla,AMRO,147,1039,0,1
2021-11-14,AI,Anguilla,AMRO,70,1109,2,3
2021-11-21,AI,Anguilla,AMRO,159,1268,0,3
2021-11-28,AI,Anguilla,AMRO,66,1334,0,3
2021-12-05,AI,Anguilla,AMRO,80,1414,0,3
2021-12-12,AI,Anguilla,AMRO,109,1523,1,4
2021-12-19,AI,Anguilla,AMRO,69,1592,0,4
2021-12-26,AI,Anguilla,AMRO,54,1646,1,5
2022-01-02,AI,Anguilla,AMRO,28,1674,0,5
2022-01-09,AI,Anguilla,AMRO,103,1777,1,6
2022-01-16,AI,Anguilla,AMRO,263,2040,0,6
2022-01-23,AI,Anguilla,AMRO,147,2187,1,7
2022-01-30,AI,Anguilla,AMRO,137,2324,1,8
2022-02-06,AI,Anguilla,AMRO,60,2384,0,8
2022-02-13,AI,Anguilla,AMRO,74,2458,1,9
2022-02-20,AI,Anguilla,AMRO,48,2506,0,9
2022-02-27,AI,Anguilla,AMRO,22,2528,0,9
2022-03-06,AI,Anguilla,AMRO,27,2555,0,9
2022-03-13,AI,Anguilla,AMRO,19,2574,0,9
2022-03-20,AI,Anguilla,AMRO,20,2594,0,9
2022-03-27,AI,Anguilla,AMRO,39,2633,0,9
2022-04-03,AI,Anguilla,AMRO,67,2700,0,9
2022-04-10,AI,Anguilla,AMRO,17,2717,0,9
2022-04-17,AI,Anguilla,AMRO,14,2731,0,9
2022-04-24,AI,Anguilla,AMRO,0,2731,0,9
2022-05-01,AI,Anguilla,AMRO,57,2788,0,9
2022-05-08,AI,Anguilla,AMRO,0,2788,0,9
2022-05-15,AI,Anguilla,AMRO,196,2984,0,9
2022-05-22,AI,Anguilla,AMRO,132,3116,0,9
2022-05-29,AI,Anguilla,AMRO,87,3203,0,9
2022-06-05,AI,Anguilla,AMRO,91,3294,0,9
2022-06-12,AI,Anguilla,AMRO,48,3342,0,9
2022-06-19,AI,Anguilla,AMRO,32,3374,0,9
2022-06-26,AI,Anguilla,AMRO,37,3411,0,9
2022-07-03,AI,Anguilla,AMRO,45,3456,0,9
2022-07-10,AI,Anguilla,AMRO,20,3476,0,9
2022-07-17,AI,Anguilla,AMRO,20,3496,0,9
2022-07-24,AI,Anguilla,AMRO,39,3535,0,9
2022-07-31,AI,Anguilla,AMRO,45,3580,1,10
2022-08-07,AI,Anguilla,AMRO,40,3620,0,10
2022-08-14,AI,Anguilla,AMRO,0,3620,0,10
2022-08-21,AI,Anguilla,AMRO,126,3746,0,10
2022-08-28,AI,Anguilla,AMRO,59,3805,0,10
2022-09-04,AI,Anguilla,AMRO,32,3837,1,11
2022-09-11,AI,Anguilla,AMRO,14,3851,1,12
2022-09-18,AI,Anguilla,AMRO,5,3856,0,12
2022-09-25,AI,Anguilla,AMRO,2,3858,0,12
2022-10-02,AI,Anguilla,AMRO,7,3865,0,12
2022-10-09,AI,Anguilla,AMRO,1,3866,0,12
2022-10-16,AI,Anguilla,AMRO,0,3866,0,12
2022-10-23,AI,Anguilla,AMRO,0,3866,0,12
2022-10-30,AI,Anguilla,AMRO,0,3866,0,12
2022-11-06,AI,Anguilla,AMRO,0,3866,0,12
2022-11-13,AI,Anguilla,AMRO,0,3866,0,12
2022-11-20,AI,Anguilla,AMRO,0,3866,0,12
2022-11-27,AI,Anguilla,AMRO,0,3866,0,12
2022-12-04,AI,Anguilla,AMRO,38,3904,0,12
2022-12-11,AI,Anguilla,AMRO,0,3904,0,12
2022-12-18,AI,Anguilla,AMRO,0,3904,0,12
2022-12-25,AI,Anguilla,AMRO,0,3904,0,12
2023-01-01,AI,Anguilla,AMRO,0,3904,0,12
2023-01-08,AI,Anguilla,AMRO,0,3904,0,12
2023-01-15,AI,Anguilla,AMRO,0,3904,0,12
2023-01-22,AI,Anguilla,AMRO,0,3904,0,12
2023-01-29,AI,Anguilla,AMRO,0,3904,0,12
2023-02-05,AI,Anguilla,AMRO,0,3904,0,12
2023-02-12,AI,Anguilla,AMRO,0,3904,0,12
2023-02-19,AI,Anguilla,AMRO,0,3904,0,12
2023-02-26,AI,Anguilla,AMRO,0,3904,0,12
2023-03-05,AI,Anguilla,AMRO,0,3904,0,12
2023-03-12,AI,Anguilla,AMRO,0,3904,0,12
2023-03-19,AI,Anguilla,AMRO,0,3904,0,12
2023-03-26,AI,Anguilla,AMRO,0,3904,0,12
2023-04-02,AI,Anguilla,AMRO,0,3904,0,12
2023-04-09,AI,Anguilla,AMRO,0,3904,0,12
2023-04-16,AI,Anguilla,AMRO,0,3904,0,12
2023-04-23,AI,Anguilla,AMRO,0,3904,0,12
2023-04-30,AI,Anguilla,AMRO,0,3904,0,12
2023-05-07,AI,Anguilla,AMRO,0,3904,0,12
2023-05-14,AI,Anguilla,AMRO,0,3904,0,12
2023-05-21,AI,Anguilla,AMRO,0,3904,0,12
2023-05-28,AI,Anguilla,AMRO,0,3904,0,12
2023-06-04,AI,Anguilla,AMRO,0,3904,0,12
2023-06-11,AI,Anguilla,AMRO,0,3904,0,12
2023-06-18,AI,Anguilla,AMRO,0,3904,0,12
2023-06-25,AI,Anguilla,AMRO,0,3904,0,12
2023-07-02,AI,Anguilla,AMRO,0,3904,0,12
2023-07-09,AI,Anguilla,AMRO,0,3904,0,12
2023-07-16,AI,Anguilla,AMRO,0,3904,0,12
2023-07-23,AI,Anguilla,AMRO,0,3904,0,12
2023-07-30,AI,Anguilla,AMRO,0,3904,0,12
2023-08-06,AI,Anguilla,AMRO,0,3904,0,12
2023-08-13,AI,Anguilla,AMRO,0,3904,0,12
2023-08-20,AI,Anguilla,AMRO,0,3904,0,12
2023-08-27,AI,Anguilla,AMRO,0,3904,0,12
2023-09-03,AI,Anguilla,AMRO,0,3904,0,12
2023-09-10,AI,Anguilla,AMRO,0,3904,0,12
2023-09-17,AI,Anguilla,AMRO,0,3904,0,12
2023-09-24,AI,Anguilla,AMRO,0,3904,0,12
2023-10-01,AI,Anguilla,AMRO,0,3904,0,12
2023-10-08,AI,Anguilla,AMRO,0,3904,0,12
2023-10-15,AI,Anguilla,AMRO,0,3904,0,12
2023-10-22,AI,Anguilla,AMRO,0,3904,0,12
2023-10-29,AI,Anguilla,AMRO,0,3904,0,12
2023-11-05,AI,Anguilla,AMRO,0,3904,0,12
2023-11-12,AI,Anguilla,AMRO,0,3904,0,12
2023-11-19,AI,Anguilla,AMRO,0,3904,0,12
2023-11-26,AI,Anguilla,AMRO,0,3904,0,12
2023-12-03,AI,Anguilla,AMRO,0,3904,0,12
2023-12-10,AI,Anguilla,AMRO,0,3904,0,12
2023-12-17,AI,Anguilla,AMRO,0,3904,0,12
2023-12-24,AI,Anguilla,AMRO,0,3904,0,12
2023-12-31,AI,Anguilla,AMRO,0,3904,0,12
2020-01-05,AG,Antigua and Barbuda,AMRO,0,0,0,0
2020-01-12,AG,Antigua and Barbuda,AMRO,0,0,0,0
2020-01-19,AG,Antigua and Barbuda,AMRO,0,0,0,0
2020-01-26,AG,Antigua and Barbuda,AMRO,0,0,0,0
2020-02-02,AG,Antigua and Barbuda,AMRO,0,0,0,0
2020-02-09,AG,Antigua and Barbuda,AMRO,0,0,0,0
2020-02-16,AG,Antigua and Barbuda,AMRO,0,0,0,0
2020-02-23,AG,Antigua and Barbuda,AMRO,0,0,0,0
2020-03-01,AG,Antigua and Barbuda,AMRO,0,0,0,0
2020-03-08,AG,Antigua and Barbuda,AMRO,0,0,0,0
2020-03-15,AG,Antigua and Barbuda,AMRO,1,1,0,0
2020-03-22,AG,Antigua and Barbuda,AMRO,0,1,0,0
2020-03-29,AG,Antigua and Barbuda,AMRO,6,7,0,0
2020-04-05,AG,Antigua and Barbuda,AMRO,0,7,0,0
2020-04-12,AG,Antigua and Barbuda,AMRO,14,21,2,2
2020-04-19,AG,Antigua and Barbuda,AMRO,2,23,0,2
2020-04-26,AG,Antigua and Barbuda,AMRO,1,24,1,3
2020-05-03,AG,Antigua and Barbuda,AMRO,0,24,0,3
2020-05-10,AG,Antigua and Barbuda,AMRO,1,25,0,3
2020-05-17,AG,Antigua and Barbuda,AMRO,0,25,0,3
2020-05-24,AG,Antigua and Barbuda,AMRO,0,25,0,3
2020-05-31,AG,Antigua and Barbuda,AMRO,0,25,0,3
2020-06-07,AG,Antigua and Barbuda,AMRO,0,25,0,3
2020-06-14,AG,Antigua and Barbuda,AMRO,1,26,0,3
2020-06-21,AG,Antigua and Barbuda,AMRO,0,26,0,3
2020-06-28,AG,Antigua and Barbuda,AMRO,39,65,0,3
2020-07-05,AG,Antigua and Barbuda,AMRO,3,68,0,3
2020-07-12,AG,Antigua and Barbuda,AMRO,6,74,0,3
2020-07-19,AG,Antigua and Barbuda,AMRO,2,76,0,3
2020-07-26,AG,Antigua and Barbuda,AMRO,6,82,0,3
2020-08-02,AG,Antigua and Barbuda,AMRO,9,91,0,3
2020-08-09,AG,Antigua and Barbuda,AMRO,1,92,0,3
2020-08-16,AG,Antigua and Barbuda,AMRO,1,93,0,3
2020-08-23,AG,Antigua and Barbuda,AMRO,1,94,0,3
2020-08-30,AG,Antigua and Barbuda,AMRO,0,94,0,3
2020-09-06,AG,Antigua and Barbuda,AMRO,1,95,0,3
2020-09-13,AG,Antigua and Barbuda,AMRO,0,95,0,3
2020-09-20,AG,Antigua and Barbuda,AMRO,0,95,0,3
2020-09-27,AG,Antigua and Barbuda,AMRO,3,98,0,3
2020-10-04,AG,Antigua and Barbuda,AMRO,8,106,0,3
2020-10-11,AG,Antigua and Barbuda,AMRO,5,111,0,3
2020-10-18,AG,Antigua and Barbuda,AMRO,2,113,0,3
2020-10-25,AG,Antigua and Barbuda,AMRO,9,122,0,3
2020-11-01,AG,Antigua and Barbuda,AMRO,5,127,0,3
2020-11-08,AG,Antigua and Barbuda,AMRO,3,130,0,3
2020-11-15,AG,Antigua and Barbuda,AMRO,3,133,1,4
2020-11-22,AG,Antigua and Barbuda,AMRO,6,139,0,4
2020-11-29,AG,Antigua and Barbuda,AMRO,2,141,0,4
2020-12-06,AG,Antigua and Barbuda,AMRO,3,144,0,4
2020-12-13,AG,Antigua and Barbuda,AMRO,3,147,0,4
2020-12-20,AG,Antigua and Barbuda,AMRO,5,152,1,5
2020-12-27,AG,Antigua and Barbuda,AMRO,3,155,0,5
2021-01-03,AG,Antigua and Barbuda,AMRO,4,159,0,5
2021-01-10,AG,Antigua and Barbuda,AMRO,10,169,0,5
2021-01-17,AG,Antigua and Barbuda,AMRO,18,187,1,6
2021-01-24,AG,Antigua and Barbuda,AMRO,8,195,0,6
2021-01-31,AG,Antigua and Barbuda,AMRO,23,218,1,7
2021-02-07,AG,Antigua and Barbuda,AMRO,59,277,0,7
2021-02-14,AG,Antigua and Barbuda,AMRO,150,427,2,9
2021-02-21,AG,Antigua and Barbuda,AMRO,171,598,2,11
2021-02-28,AG,Antigua and Barbuda,AMRO,128,726,3,14
2021-03-07,AG,Antigua and Barbuda,AMRO,87,813,7,21
2021-03-14,AG,Antigua and Barbuda,AMRO,149,962,6,27
2021-03-21,AG,Antigua and Barbuda,AMRO,71,1033,1,28
2021-03-28,AG,Antigua and Barbuda,AMRO,89,1122,0,28
2021-04-04,AG,Antigua and Barbuda,AMRO,48,1170,0,28
2021-04-11,AG,Antigua and Barbuda,AMRO,12,1182,2,30
2021-04-18,AG,Antigua and Barbuda,AMRO,31,1213,1,31
2021-04-25,AG,Antigua and Barbuda,AMRO,14,1227,0,31
2021-05-02,AG,Antigua and Barbuda,AMRO,2,1229,1,32
2021-05-09,AG,Antigua and Barbuda,AMRO,8,1237,0,32
2021-05-16,AG,Antigua and Barbuda,AMRO,14,1251,10,42
2021-05-23,AG,Antigua and Barbuda,AMRO,4,1255,0,42
2021-05-30,AG,Antigua and Barbuda,AMRO,4,1259,0,42
2021-06-06,AG,Antigua and Barbuda,AMRO,4,1263,0,42
2021-06-13,AG,Antigua and Barbuda,AMRO,0,1263,0,42
2021-06-20,AG,Antigua and Barbuda,AMRO,0,1263,0,42
2021-06-27,AG,Antigua and Barbuda,AMRO,0,1263,0,42
2021-07-04,AG,Antigua and Barbuda,AMRO,1,1264,0,42
2021-07-11,AG,Antigua and Barbuda,AMRO,2,1266,0,42
2021-07-18,AG,Antigua and Barbuda,AMRO,2,1268,0,42
2021-07-25,AG,Antigua and Barbuda,AMRO,12,1280,1,43
2021-08-01,AG,Antigua and Barbuda,AMRO,23,1303,0,43
2021-08-08,AG,Antigua and Barbuda,AMRO,25,1328,0,43
2021-08-15,AG,Antigua and Barbuda,AMRO,44,1372,0,43
2021-08-22,AG,Antigua and Barbuda,AMRO,118,1490,0,43
2021-08-29,AG,Antigua and Barbuda,AMRO,148,1638,0,43
2021-09-05,AG,Antigua and Barbuda,AMRO,121,1759,3,46
2021-09-12,AG,Antigua and Barbuda,AMRO,394,2153,2,48
2021-09-19,AG,Antigua and Barbuda,AMRO,450,2603,7,55
2021-09-26,AG,Antigua and Barbuda,AMRO,299,2902,9,64
2021-10-03,AG,Antigua and Barbuda,AMRO,501,3403,20,84
2021-10-10,AG,Antigua and Barbuda,AMRO,335,3738,7,91
2021-10-17,AG,Antigua and Barbuda,AMRO,150,3888,4,95
2021-10-24,AG,Antigua and Barbuda,AMRO,122,4010,4,99
2021-10-31,AG,Antigua and Barbuda,AMRO,30,4040,3,102
2021-11-07,AG,Antigua and Barbuda,AMRO,38,4078,2,104
2021-11-14,AG,Antigua and Barbuda,AMRO,40,4118,3,107
2021-11-21,AG,Antigua and Barbuda,AMRO,15,4133,1,108
2021-11-28,AG,Antigua and Barbuda,AMRO,8,4141,9,117
2021-12-05,AG,Antigua and Barbuda,AMRO,6,4147,0,117
2021-12-12,AG,Antigua and Barbuda,AMRO,12,4159,0,117
2021-12-19,AG,Antigua and Barbuda,AMRO,39,4198,0,117
2021-12-26,AG,Antigua and Barbuda,AMRO,31,4229,1,118
2022-01-02,AG,Antigua and Barbuda,AMRO,182,4411,1,119
2022-01-09,AG,Antigua and Barbuda,AMRO,433,4844,0,119
2022-01-16,AG,Antigua and Barbuda,AMRO,477,5321,1,120
2022-01-23,AG,Antigua and Barbuda,AMRO,610,5931,2,122
2022-01-30,AG,Antigua and Barbuda,AMRO,627,6558,5,127
2022-02-06,AG,Antigua and Barbuda,AMRO,174,6732,0,127
2022-02-13,AG,Antigua and Barbuda,AMRO,599,7331,7,134
2022-02-20,AG,Antigua and Barbuda,AMRO,77,7408,1,135
2022-02-27,AG,Antigua and Barbuda,AMRO,29,7437,0,135
2022-03-06,AG,Antigua and Barbuda,AMRO,18,7455,0,135
2022-03-13,AG,Antigua and Barbuda,AMRO,11,7466,0,135
2022-03-20,AG,Antigua and Barbuda,AMRO,4,7470,0,135
2022-03-27,AG,Antigua and Barbuda,AMRO,12,7482,0,135
2022-04-03,AG,Antigua and Barbuda,AMRO,11,7493,0,135
2022-04-10,AG,Antigua and Barbuda,AMRO,18,7511,0,135
2022-04-17,AG,Antigua and Barbuda,AMRO,24,7535,0,135
2022-04-24,AG,Antigua and Barbuda,AMRO,36,7571,0,135
2022-05-01,AG,Antigua and Barbuda,AMRO,55,7626,1,136
2022-05-08,AG,Antigua and Barbuda,AMRO,37,7663,1,137
2022-05-15,AG,Antigua and Barbuda,AMRO,58,7721,0,137
2022-05-22,AG,Antigua and Barbuda,AMRO,221,7942,1,138
2022-05-29,AG,Antigua and Barbuda,AMRO,177,8119,0,138
2022-06-05,AG,Antigua and Barbuda,AMRO,213,8332,0,138
2022-06-12,AG,Antigua and Barbuda,AMRO,160,8492,2,140
2022-06-19,AG,Antigua and Barbuda,AMRO,89,8581,0,140
2022-06-26,AG,Antigua and Barbuda,AMRO,44,8625,1,141
2022-07-03,AG,Antigua and Barbuda,AMRO,31,8656,0,141
2022-07-10,AG,Antigua and Barbuda,AMRO,30,8686,2,143
2022-07-17,AG,Antigua and Barbuda,AMRO,18,8704,0,143
2022-07-24,AG,Antigua and Barbuda,AMRO,32,8736,1,144
2022-07-31,AG,Antigua and Barbuda,AMRO,37,8773,0,144
2022-08-07,AG,Antigua and Barbuda,AMRO,14,8787,0,144
2022-08-14,AG,Antigua and Barbuda,AMRO,33,8820,0,144
2022-08-21,AG,Antigua and Barbuda,AMRO,75,8895,0,144
2022-08-28,AG,Antigua and Barbuda,AMRO,54,8949,1,145
2022-09-04,AG,Antigua and Barbuda,AMRO,25,8974,0,145
2022-09-11,AG,Antigua and Barbuda,AMRO,0,8974,0,145
2022-09-18,AG,Antigua and Barbuda,AMRO,34,9008,0,145
2022-09-25,AG,Antigua and Barbuda,AMRO,81,9089,1,146
2022-10-02,AG,Antigua and Barbuda,AMRO,9,9098,0,146
2022-10-09,AG,Antigua and Barbuda,AMRO,8,9106,0,146
2022-10-16,AG,Antigua and Barbuda,AMRO,0,9106,0,146
2022-10-23,AG,Antigua and Barbuda,AMRO,0,9106,0,146
2022-10-30,AG,Antigua and Barbuda,AMRO,0,9106,0,146
2022-11-06,AG,Antigua and Barbuda,AMRO,0,9106,0,146
2022-11-13,AG,Antigua and Barbuda,AMRO,0,9106,0,146
2022-11-20,AG,Antigua and Barbuda,AMRO,0,9106,0,146
2022-11-27,AG,Antigua and Barbuda,AMRO,0,9106,0,146
2022-12-04,AG,Antigua and Barbuda,AMRO,0,9106,0,146
2022-12-11,AG,Antigua and Barbuda,AMRO,0,9106,0,146
2022-12-18,AG,Antigua and Barbuda,AMRO,0,9106,0,146
2022-12-25,AG,Antigua and Barbuda,AMRO,0,9106,0,146
2023-01-01,AG,Antigua and Barbuda,AMRO,0,9106,0,146
2023-01-08,AG,Antigua and Barbuda,AMRO,0,9106,0,146
2023-01-15,AG,Antigua and Barbuda,AMRO,0,9106,0,146
2023-01-22,AG,Antigua and Barbuda,AMRO,0,9106,0,146
2023-01-29,AG,Antigua and Barbuda,AMRO,0,9106,0,146
2023-02-05,AG,Antigua and Barbuda,AMRO,0,9106,0,146
2023-02-12,AG,Antigua and Barbuda,AMRO,0,9106,0,146
2023-02-19,AG,Antigua and Barbuda,AMRO,0,9106,0,146
2023-02-26,AG,Antigua and Barbuda,AMRO,0,9106,0,146
2023-03-05,AG,Antigua and Barbuda,AMRO,0,9106,0,146
2023-03-12,AG,Antigua and Barbuda,AMRO,0,9106,0,146
2023-03-19,AG,Antigua and Barbuda,AMRO,0,9106,0,146
2023-03-26,AG,Antigua and Barbuda,AMRO,0,9106,0,146
2023-04-02,AG,Antigua and Barbuda,AMRO,0,9106,0,146
2023-04-09,AG,Antigua and Barbuda,AMRO,0,9106,0,146
2023-04-16,AG,Antigua and Barbuda,AMRO,0,9106,0,146
2023-04-23,AG,Antigua and Barbuda,AMRO,0,9106,0,146
2023-04-30,AG,Antigua and Barbuda,AMRO,0,9106,0,146
2023-05-07,AG,Antigua and Barbuda,AMRO,0,9106,0,146
2023-05-14,AG,Antigua and Barbuda,AMRO,0,9106,0,146
2023-05-21,AG,Antigua and Barbuda,AMRO,0,9106,0,146
2023-05-28,AG,Antigua and Barbuda,AMRO,0,9106,0,146
2023-06-04,AG,Antigua and Barbuda,AMRO,0,9106,0,146
2023-06-11,AG,Antigua and Barbuda,AMRO,0,9106,0,146
2023-06-18,AG,Antigua and Barbuda,AMRO,0,9106,0,146
2023-06-25,AG,Antigua and Barbuda,AMRO,0,9106,0,146
2023-07-02,AG,Antigua and Barbuda,AMRO,0,9106,0,146
2023-07-09,AG,Antigua and Barbuda,AMRO,0,9106,0,146
2023-07-16,AG,Antigua and Barbuda,AMRO,0,9106,0,146
2023-07-23,AG,Antigua and Barbuda,AMRO,0,9106,0,146
2023-07-30,AG,Antigua and Barbuda,AMRO,0,9106,0,146
2023-08-06,AG,Antigua and Barbuda,AMRO,0,9106,0,146
2023-08-13,AG,Antigua and Barbuda,AMRO,0,9106,0,146
2023-08-20,AG,Antigua and Barbuda,AMRO,0,9106,0,146
2023-08-27,AG,Antigua and Barbuda,AMRO,0,9106,0,146
2023-09-03,AG,Antigua and Barbuda,AMRO,0,9106,0,146
2023-09-10,AG,Antigua and Barbuda,AMRO,0,9106,0,146
2023-09-17,AG,Antigua and Barbuda,AMRO,0,9106,0,146
2023-09-24,AG,Antigua and Barbuda,AMRO,0,9106,0,146
2023-10-01,AG,Antigua and Barbuda,AMRO,0,9106,0,146
2023-10-08,AG,Antigua and Barbuda,AMRO,0,9106,0,146
2023-10-15,AG,Antigua and Barbuda,AMRO,0,9106,0,146
2023-10-22,AG,Antigua and Barbuda,AMRO,0,9106,0,146
2023-10-29,AG,Antigua and Barbuda,AMRO,0,9106,0,146
2023-11-05,AG,Antigua and Barbuda,AMRO,0,9106,0,146
2023-11-12,AG,Antigua and Barbuda,AMRO,0,9106,0,146
2023-11-19,AG,Antigua and Barbuda,AMRO,0,9106,0,146
2023-11-26,AG,Antigua and Barbuda,AMRO,0,9106,0,146
2023-12-03,AG,Antigua and Barbuda,AMRO,0,9106,0,146
2023-12-10,AG,Antigua and Barbuda,AMRO,0,9106,0,146
2023-12-17,AG,Antigua and Barbuda,AMRO,0,9106,0,146
2023-12-24,AG,Antigua and Barbuda,AMRO,0,9106,0,146
2023-12-31,AG,Antigua and Barbuda,AMRO,0,9106,0,146
2020-01-05,AR,Argentina,AMRO,0,0,0,0
2020-01-12,AR,Argentina,AMRO,0,0,0,0
2020-01-19,AR,Argentina,AMRO,0,0,0,0
2020-01-26,AR,Argentina,AMRO,0,0,0,0
2020-02-02,AR,Argentina,AMRO,0,0,0,0
2020-02-09,AR,Argentina,AMRO,0,0,0,0
2020-02-16,AR,Argentina,AMRO,0,0,0,0
2020-02-23,AR,Argentina,AMRO,0,0,0,0
2020-03-01,AR,Argentina,AMRO,0,0,0,0
2020-03-08,AR,Argentina,AMRO,22,22,1,1
2020-03-15,AR,Argentina,AMRO,109,131,8,9
2020-03-22,AR,Argentina,AMRO,405,536,11,20
2020-03-29,AR,Argentina,AMRO,746,1282,50,70
2020-04-05,AR,Argentina,AMRO,791,2073,61,131
2020-04-12,AR,Argentina,AMRO,917,2990,74,205
2020-04-19,AR,Argentina,AMRO,1076,4066,74,279
2020-04-26,AR,Argentina,AMRO,1398,5464,132,411
2020-05-03,AR,Argentina,AMRO,1289,6753,115,526
2020-05-10,AR,Argentina,AMRO,1897,8650,120,646
2020-05-17,AR,Argentina,AMRO,2910,11560,144,790
2020-05-24,AR,Argentina,AMRO,5061,16621,219,1009
2020-05-31,AR,Argentina,AMRO,5785,22406,297,1306
2020-06-07,AR,Argentina,AMRO,7297,29703,358,1664
2020-06-14,AR,Argentina,AMRO,10685,40388,458,2122
2020-06-21,AR,Argentina,AMRO,14050,54438,602,2724
2020-06-28,AR,Argentina,AMRO,19007,73445,776,3500
2020-07-05,AR,Argentina,AMRO,20195,93640,903,4403
2020-07-12,AR,Argentina,AMRO,24971,118611,1153,5556
2020-07-19,AR,Argentina,AMRO,31572,150183,1374,6930
2020-07-26,AR,Argentina,AMRO,39247,189430,1544,8474
2020-08-02,AR,Argentina,AMRO,41965,231395,1456,9930
2020-08-09,AR,Argentina,AMRO,51641,283036,1762,11692
2020-08-16,AR,Argentina,AMRO,48677,331713,1662,13354
2020-08-23,AR,Argentina,AMRO,51183,382896,1877,15231
2020-08-30,AR,Argentina,AMRO,68979,451875,2260,17491
2020-09-06,AR,Argentina,AMRO,72320,524195,2324,19815
2020-09-13,AR,Argentina,AMRO,78158,602353,2446,22261
2020-09-20,AR,Argentina,AMRO,75330,677683,2340,24601
2020-09-27,AR,Argentina,AMRO,81712,759395,2456,27057
2020-10-04,AR,Argentina,AMRO,87054,846449,2523,29580
2020-10-11,AR,Argentina,AMRO,96217,942666,2602,32182
2020-10-18,AR,Argentina,AMRO,95982,1038648,2449,34631
2020-10-25,AR,Argentina,AMRO,97588,1136236,2348,36979
2020-11-01,AR,Argentina,AMRO,81504,1217740,1854,38833
2020-11-08,AR,Argentina,AMRO,70725,1288465,1683,40516
2020-11-15,AR,Argentina,AMRO,67129,1355594,1452,41968
2020-11-22,AR,Argentina,AMRO,57887,1413481,1170,43138
2020-11-29,AR,Argentina,AMRO,48034,1461515,943,44081
2020-12-06,AR,Argentina,AMRO,42762,1504277,862,44943
2020-12-13,AR,Argentina,AMRO,35314,1539591,795,45738
2020-12-20,AR,Argentina,AMRO,45454,1585045,910,46648
2020-12-27,AR,Argentina,AMRO,44863,1629908,859,47507
2021-01-03,AR,Argentina,AMRO,60464,1690372,1103,48610
2021-01-10,AR,Argentina,AMRO,84733,1775105,1415,50025
2021-01-17,AR,Argentina,AMRO,77946,1853051,1300,51325
2021-01-24,AR,Argentina,AMRO,79316,1932367,1260,52585
2021-01-31,AR,Argentina,AMRO,61185,1993552,1131,53716
2021-02-07,AR,Argentina,AMRO,51269,2044821,948,54664
2021-02-14,AR,Argentina,AMRO,50744,2095565,935,55599
2021-02-21,AR,Argentina,AMRO,42687,2138252,797,56396
2021-02-28,AR,Argentina,AMRO,44701,2182953,831,57227
2021-03-07,AR,Argentina,AMRO,43723,2226676,884,58111
2021-03-14,AR,Argentina,AMRO,50279,2276955,977,59088
2021-03-21,AR,Argentina,AMRO,51631,2328586,994,60082
2021-03-28,AR,Argentina,AMRO,71481,2400067,1259,61341
2021-04-04,AR,Argentina,AMRO,93977,2494044,1654,62995
2021-04-11,AR,Argentina,AMRO,153369,2647413,2619,65614
2021-04-18,AR,Argentina,AMRO,164523,2811936,3293,68907
2021-04-25,AR,Argentina,AMRO,165754,2977690,3470,72377
2021-05-02,AR,Argentina,AMRO,141493,3119183,3115,75492
2021-05-09,AR,Argentina,AMRO,144708,3263891,3189,78681
2021-05-16,AR,Argentina,AMRO,165989,3429880,3641,82322
2021-05-23,AR,Argentina,AMRO,234660,3664540,4516,86838
2021-05-30,AR,Argentina,AMRO,208332,3872872,4339,91177
2021-06-06,AR,Argentina,AMRO,195205,4068077,3978,95155
2021-06-13,AR,Argentina,AMRO,162769,4230846,3317,98472
2021-06-20,AR,Argentina,AMRO,137636,4368482,2694,101166
2021-06-27,AR,Argentina,AMRO,133147,4501629,2532,103698
2021-07-04,AR,Argentina,AMRO,125444,4627073,2169,105867
2021-07-11,AR,Argentina,AMRO,108881,4735954,1889,107756
2021-07-18,AR,Argentina,AMRO,105110,4841064,1782,109538
2021-07-25,AR,Argentina,AMRO,88348,4929412,1367,110905
2021-08-01,AR,Argentina,AMRO,87225,5016637,1205,112110
2021-08-08,AR,Argentina,AMRO,80437,5097074,1157,113267
2021-08-15,AR,Argentina,AMRO,62306,5159380,893,114160
2021-08-22,AR,Argentina,AMRO,47254,5206634,684,114844
2021-08-29,AR,Argentina,AMRO,38265,5244899,537,115381
2021-09-05,AR,Argentina,AMRO,28531,5273430,418,115799
2021-09-12,AR,Argentina,AMRO,19860,5293290,290,116089
2021-09-19,AR,Argentina,AMRO,14221,5307511,218,116307
2021-09-26,AR,Argentina,AMRO,10997,5318508,127,116434
2021-10-03,AR,Argentina,AMRO,9250,5327758,87,116521
2021-10-10,AR,Argentina,AMRO,6633,5334391,84,116605
2021-10-17,AR,Argentina,AMRO,7214,5341605,86,116691
2021-10-24,AR,Argentina,AMRO,8597,5350202,70,116761
2021-10-31,AR,Argentina,AMRO,9024,5359226,62,116823
2021-11-07,AR,Argentina,AMRO,8642,5367868,64,116887
2021-11-14,AR,Argentina,AMRO,9415,5377283,82,116969
2021-11-21,AR,Argentina,AMRO,10247,5387530,99,117068
2021-11-28,AR,Argentina,AMRO,11855,5399385,114,117182
2021-12-05,AR,Argentina,AMRO,15763,5415148,117,117299
2021-12-12,AR,Argentina,AMRO,20177,5435325,135,117434
2021-12-19,AR,Argentina,AMRO,37801,5473126,163,117597
2021-12-26,AR,Argentina,AMRO,86790,5559916,233,117830
2022-01-02,AR,Argentina,AMRO,262012,5821928,421,118251
2022-01-09,AR,Argentina,AMRO,647721,6469649,1003,119254
2022-01-16,AR,Argentina,AMRO,770687,7240336,1808,121062
2022-01-23,AR,Argentina,AMRO,727782,7968118,2464,123526
2022-01-30,AR,Argentina,AMRO,432304,8400422,1988,125514
2022-02-06,AR,Argentina,AMRO,226829,8627251,1212,126726
2022-02-13,AR,Argentina,AMRO,124665,8751916,628,127354
2022-02-20,AR,Argentina,AMRO,83236,8835152,454,127808
2022-02-27,AR,Argentina,AMRO,64211,8899363,223,128031
2022-03-06,AR,Argentina,AMRO,36613,8935976,113,128144
2022-03-13,AR,Argentina,AMRO,31940,8967916,71,128215
2022-03-20,AR,Argentina,AMRO,34029,9001945,51,128266
2022-03-27,AR,Argentina,AMRO,15927,9017872,33,128299
2022-04-03,AR,Argentina,AMRO,12994,9030866,31,128330
2022-04-10,AR,Argentina,AMRO,9837,9040703,11,128341
2022-04-17,AR,Argentina,AMRO,6695,9047398,3,128344
2022-04-24,AR,Argentina,AMRO,24832,9072230,198,128542
2022-05-01,AR,Argentina,AMRO,11443,9083673,111,128653
2022-05-08,AR,Argentina,AMRO,17646,9101319,76,128729
2022-05-15,AR,Argentina,AMRO,33989,9135308,47,128776
2022-05-22,AR,Argentina,AMRO,43487,9178795,49,128825
2022-05-29,AR,Argentina,AMRO,51778,9230573,64,128889
2022-06-05,AR,Argentina,AMRO,46045,9276618,84,128973
2022-06-12,AR,Argentina,AMRO,36835,9313453,21,128994
2022-06-19,AR,Argentina,AMRO,28039,9341492,22,129016
2022-06-26,AR,Argentina,AMRO,25680,9367172,54,129070
2022-07-03,AR,Argentina,AMRO,27154,9394326,39,129109
2022-07-10,AR,Argentina,AMRO,31845,9426171,36,129145
2022-07-17,AR,Argentina,AMRO,39656,9465827,57,129202
2022-07-24,AR,Argentina,AMRO,41735,9507562,76,129278
2022-07-31,AR,Argentina,AMRO,52745,9560307,91,129369
2022-08-07,AR,Argentina,AMRO,42227,9602534,71,129440
2022-08-14,AR,Argentina,AMRO,31198,9633732,126,129566
2022-08-21,AR,Argentina,AMRO,24659,9658391,80,129646
2022-08-28,AR,Argentina,AMRO,19834,9678225,65,129711
2022-09-04,AR,Argentina,AMRO,11636,9689861,58,129769
2022-09-11,AR,Argentina,AMRO,7902,9697763,61,129830
2022-09-18,AR,Argentina,AMRO,6175,9703938,25,129855
2022-09-25,AR,Argentina,AMRO,4482,9708420,42,129897
2022-10-02,AR,Argentina,AMRO,2935,9711355,40,129937
2022-10-09,AR,Argentina,AMRO,2239,9713594,21,129958
2022-10-16,AR,Argentina,AMRO,1870,9715464,12,129970
2022-10-23,AR,Argentina,AMRO,2082,9717546,9,129979
2022-10-30,AR,Argentina,AMRO,1329,9718875,12,129991
2022-11-06,AR,Argentina,AMRO,1357,9720232,12,130003
2022-11-13,AR,Argentina,AMRO,1486,9721718,8,130011
2022-11-20,AR,Argentina,AMRO,2206,9723924,6,130017
2022-11-27,AR,Argentina,AMRO,3323,9727247,8,130025
2022-12-04,AR,Argentina,AMRO,12609,9739856,9,130034
2022-12-11,AR,Argentina,AMRO,27119,9766975,7,130041
2022-12-18,AR,Argentina,AMRO,62261,9829236,39,130080
2022-12-25,AR,Argentina,AMRO,61903,9891139,44,130124
2023-01-01,AR,Argentina,AMRO,72558,9963697,47,130171
2023-01-08,AR,Argentina,AMRO,40982,10004679,78,130249
2023-01-15,AR,Argentina,AMRO,19416,10024095,89,130338
2023-01-22,AR,Argentina,AMRO,8614,10032709,56,130394
2023-01-29,AR,Argentina,AMRO,4426,10037135,27,130421
2023-02-05,AR,Argentina,AMRO,3194,10040329,16,130437
2023-02-12,AR,Argentina,AMRO,1807,10042136,11,130448
2023-02-19,AR,Argentina,AMRO,1172,10043308,10,130458
2023-02-26,AR,Argentina,AMRO,817,10044125,5,130463
2023-03-05,AR,Argentina,AMRO,832,10044957,9,130472
2023-03-12,AR,Argentina,AMRO,0,10044957,0,130472
2023-03-19,AR,Argentina,AMRO,0,10044957,0,130472
2023-03-26,AR,Argentina,AMRO,0,10044957,0,130472
2023-04-02,AR,Argentina,AMRO,0,10044957,0,130472
2023-04-09,AR,Argentina,AMRO,0,10044957,0,130472
2023-04-16,AR,Argentina,AMRO,0,10044957,0,130472
2023-04-23,AR,Argentina,AMRO,0,10044957,0,130472
2023-04-30,AR,Argentina,AMRO,0,10044957,0,130472
2023-05-07,AR,Argentina,AMRO,0,10044957,0,130472
2023-05-14,AR,Argentina,AMRO,0,10044957,0,130472
2023-05-21,AR,Argentina,AMRO,0,10044957,0,130472
2023-05-28,AR,Argentina,AMRO,420,10045377,2,130474
2023-06-04,AR,Argentina,AMRO,448,10045825,2,130476
2023-06-11,AR,Argentina,AMRO,528,10046353,5,130481
2023-06-18,AR,Argentina,AMRO,502,10046855,3,130484
2023-06-25,AR,Argentina,AMRO,580,10047435,5,130489
2023-07-02,AR,Argentina,AMRO,705,10048140,6,130495
2023-07-09,AR,Argentina,AMRO,788,10048928,7,130502
2023-07-16,AR,Argentina,AMRO,593,10049521,10,130512
2023-07-23,AR,Argentina,AMRO,589,10050110,6,130518
2023-07-30,AR,Argentina,AMRO,758,10050868,8,130526
2023-08-06,AR,Argentina,AMRO,942,10051810,6,130532
2023-08-13,AR,Argentina,AMRO,1119,10052929,8,130540
2023-08-20,AR,Argentina,AMRO,1677,10054606,6,130546
2023-08-27,AR,Argentina,AMRO,2167,10056773,10,130556
2023-09-03,AR,Argentina,AMRO,3088,10059861,15,130571
2023-09-10,AR,Argentina,AMRO,2677,10062538,17,130588
2023-09-17,AR,Argentina,AMRO,2195,10064733,21,130609
2023-09-24,AR,Argentina,AMRO,1870,10066603,16,130625
2023-10-01,AR,Argentina,AMRO,1304,10067907,9,130634
2023-10-08,AR,Argentina,AMRO,1229,10069136,9,130643
2023-10-15,AR,Argentina,AMRO,855,10069991,7,130650
2023-10-22,AR,Argentina,AMRO,846,10070837,6,130656
2023-10-29,AR,Argentina,AMRO,655,10071492,4,130660
2023-11-05,AR,Argentina,AMRO,444,10071936,4,130664
2023-11-12,AR,Argentina,AMRO,447,10072383,7,130671
2023-11-19,AR,Argentina,AMRO,485,10072868,7,130678
2023-11-26,AR,Argentina,AMRO,492,10073360,3,130681
2023-12-03,AR,Argentina,AMRO,593,10073953,1,130682
2023-12-10,AR,Argentina,AMRO,427,10074380,2,130684
2023-12-17,AR,Argentina,AMRO,558,10074938,2,130686
2023-12-24,AR,Argentina,AMRO,304,10075242,1,130687
2023-12-31,AR,Argentina,AMRO,0,10075242,0,130687
2020-01-05,AM,Armenia,EURO,0,0,0,0
2020-01-12,AM,Armenia,EURO,0,0,0,0
2020-01-19,AM,Armenia,EURO,0,0,0,0
2020-01-26,AM,Armenia,EURO,0,0,0,0
2020-02-02,AM,Armenia,EURO,0,0,0,0
2020-02-09,AM,Armenia,EURO,0,0,0,0
2020-02-16,AM,Armenia,EURO,0,0,0,0
2020-02-23,AM,Armenia,EURO,0,0,0,0
2020-03-01,AM,Armenia,EURO,0,0,0,0
2020-03-08,AM,Armenia,EURO,1,1,0,0
2020-03-15,AM,Armenia,EURO,19,20,0,0
2020-03-22,AM,Armenia,EURO,170,190,0,0
2020-03-29,AM,Armenia,EURO,234,424,1,1
2020-04-05,AM,Armenia,EURO,398,822,6,7
2020-04-12,AM,Armenia,EURO,191,1013,6,13
2020-04-19,AM,Armenia,EURO,278,1291,7,20
2020-04-26,AM,Armenia,EURO,455,1746,8,28
2020-05-03,AM,Armenia,EURO,640,2386,7,35
2020-05-10,AM,Armenia,EURO,927,3313,10,45
2020-05-17,AM,Armenia,EURO,1159,4472,15,60
2020-05-24,AM,Armenia,EURO,2189,6661,21,81
2020-05-31,AM,Armenia,EURO,2621,9282,50,131
2020-06-07,AM,Armenia,EURO,3848,13130,69,200
2020-06-14,AM,Armenia,EURO,3537,16667,69,269
2020-06-21,AM,Armenia,EURO,3601,20268,81,350
2020-06-28,AM,Armenia,EURO,4377,24645,76,426
2020-07-05,AM,Armenia,EURO,3961,28606,58,484
2020-07-12,AM,Armenia,EURO,3363,31969,81,565
2020-07-19,AM,Armenia,EURO,2908,34877,76,641
2020-07-26,AM,Armenia,EURO,2440,37317,64,705
2020-08-02,AM,Armenia,EURO,1733,39050,49,754
2020-08-09,AM,Armenia,EURO,1360,40410,37,791
2020-08-16,AM,Armenia,EURO,1253,41663,27,818
2020-08-23,AM,Armenia,EURO,1129,42792,34,852
2020-08-30,AM,Armenia,EURO,958,43750,25,877
2020-09-06,AM,Armenia,EURO,1033,44783,20,897
2020-09-13,AM,Armenia,EURO,1079,45862,19,916
2020-09-20,AM,Armenia,EURO,1569,47431,14,930
2020-09-27,AM,Armenia,EURO,1969,49400,21,951
2020-10-04,AM,Armenia,EURO,3096,52496,26,977
2020-10-11,AM,Armenia,EURO,3955,56451,43,1020
2020-10-18,AM,Armenia,EURO,8243,64694,61,1081
2020-10-25,AM,Armenia,EURO,13143,77837,99,1180
2020-11-01,AM,Armenia,EURO,14417,92254,183,1363
2020-11-08,AM,Armenia,EURO,14170,106424,196,1559
2020-11-15,AM,Armenia,EURO,10913,117337,204,1763
2020-11-22,AM,Armenia,EURO,8887,126224,189,1952
2020-11-29,AM,Armenia,EURO,8544,134768,190,2142
2020-12-06,AM,Armenia,EURO,7169,141937,184,2326
2020-12-13,AM,Armenia,EURO,6388,148325,160,2486
2020-12-20,AM,Armenia,EURO,5500,153825,144,2630
2020-12-27,AM,Armenia,EURO,4009,157834,138,2768
2021-01-03,AM,Armenia,EURO,2193,160027,82,2850
2021-01-10,AM,Armenia,EURO,2104,162131,79,2929
2021-01-17,AM,Armenia,EURO,2455,164586,63,2992
2021-01-24,AM,Armenia,EURO,1450,166036,47,3039
2021-01-31,AM,Armenia,EURO,990,167026,41,3080
2021-02-07,AM,Armenia,EURO,1062,168088,37,3117
2021-02-14,AM,Armenia,EURO,1079,169167,24,3141
2021-02-21,AM,Armenia,EURO,1235,170402,23,3164
2021-02-28,AM,Armenia,EURO,1656,172058,28,3192
2021-03-07,AM,Armenia,EURO,2621,174679,29,3221
2021-03-14,AM,Armenia,EURO,3706,178385,34,3255
2021-03-21,AM,Armenia,EURO,5328,183713,93,3348
2021-03-28,AM,Armenia,EURO,6604,190317,116,3464
2021-04-04,AM,Armenia,EURO,6317,196634,128,3592
2021-04-11,AM,Armenia,EURO,6183,202817,143,3735
2021-04-18,AM,Armenia,EURO,5703,208520,143,3878
2021-04-25,AM,Armenia,EURO,4768,213288,140,4018
2021-05-02,AM,Armenia,EURO,3575,216863,121,4139
2021-05-09,AM,Armenia,EURO,2407,219270,95,4234
2021-05-16,AM,Armenia,EURO,1590,220860,89,4323
2021-05-23,AM,Armenia,EURO,1088,221948,69,4392
2021-05-30,AM,Armenia,EURO,688,222636,40,4432
2021-06-06,AM,Armenia,EURO,544,223180,26,4458
2021-06-13,AM,Armenia,EURO,502,223682,26,4484
2021-06-20,AM,Armenia,EURO,545,224227,14,4498
2021-06-27,AM,Armenia,EURO,570,224797,10,4508
2021-07-04,AM,Armenia,EURO,756,225553,18,4526
2021-07-11,AM,Armenia,EURO,835,226388,18,4544
2021-07-18,AM,Armenia,EURO,1042,227430,22,4566
2021-07-25,AM,Armenia,EURO,1368,228798,21,4587
2021-08-01,AM,Armenia,EURO,1541,230339,32,4619
2021-08-08,AM,Armenia,EURO,1818,232157,31,4650
2021-08-15,AM,Armenia,EURO,2401,234558,45,4695
2021-08-22,AM,Armenia,EURO,3076,237634,57,4752
2021-08-29,AM,Armenia,EURO,3702,241336,71,4823
2021-09-05,AM,Armenia,EURO,3689,245025,88,4911
2021-09-12,AM,Armenia,EURO,3825,248850,91,5002
2021-09-19,AM,Armenia,EURO,4750,253600,129,5131
2021-09-26,AM,Armenia,EURO,4945,258545,120,5251
2021-10-03,AM,Armenia,EURO,6145,264690,121,5372
2021-10-10,AM,Armenia,EURO,7666,272356,177,5549
2021-10-17,AM,Armenia,EURO,9635,281991,229,5778
2021-10-24,AM,Armenia,EURO,13377,295368,235,6013
2021-10-31,AM,Armenia,EURO,12958,308326,315,6328
2021-11-07,AM,Armenia,EURO,12107,320433,342,6670
2021-11-14,AM,Armenia,EURO,8530,328963,346,7016
2021-11-21,AM,Armenia,EURO,5112,334075,262,7278
2021-11-28,AM,Armenia,EURO,3856,337931,236,7514
2021-12-05,AM,Armenia,EURO,2792,340723,169,7683
2021-12-12,AM,Armenia,EURO,1815,342538,119,7802
2021-12-19,AM,Armenia,EURO,1098,343636,97,7899
2021-12-26,AM,Armenia,EURO,845,344481,44,7943
2022-01-02,AM,Armenia,EURO,526,345007,34,7977
2022-01-09,AM,Armenia,EURO,848,345855,24,8001
2022-01-16,AM,Armenia,EURO,1762,347617,18,8019
2022-01-23,AM,Armenia,EURO,4094,351711,9,8028
2022-01-30,AM,Armenia,EURO,14722,366433,18,8046
2022-02-06,AM,Armenia,EURO,23524,389957,40,8086
2022-02-13,AM,Armenia,EURO,16422,406379,81,8167
2022-02-20,AM,Armenia,EURO,9085,415464,155,8322
2022-02-27,AM,Armenia,EURO,4229,419693,127,8449
2022-03-06,AM,Armenia,EURO,1648,421341,87,8536
2022-03-13,AM,Armenia,EURO,663,422004,36,8572
2022-03-20,AM,Armenia,EURO,303,422307,23,8595
2022-03-27,AM,Armenia,EURO,151,422458,15,8610
2022-04-03,AM,Armenia,EURO,116,422574,7,8617
2022-04-10,AM,Armenia,EURO,103,422677,3,8620
2022-04-17,AM,Armenia,EURO,85,422762,1,8621
2022-04-24,AM,Armenia,EURO,63,422825,1,8622
2022-05-01,AM,Armenia,EURO,46,422871,0,8622
2022-05-08,AM,Armenia,EURO,21,422892,1,8623
2022-05-15,AM,Armenia,EURO,25,422917,0,8623
2022-05-22,AM,Armenia,EURO,18,422935,1,8624
2022-05-29,AM,Armenia,EURO,25,422960,1,8625
2022-06-05,AM,Armenia,EURO,3,422963,0,8625
2022-06-12,AM,Armenia,EURO,43,423006,0,8625
2022-06-19,AM,Armenia,EURO,38,423044,0,8625
2022-06-26,AM,Armenia,EURO,60,423104,0,8625
2022-07-03,AM,Armenia,EURO,139,423243,1,8626
2022-07-10,AM,Armenia,EURO,174,423417,0,8626
2022-07-17,AM,Armenia,EURO,354,423771,0,8626
2022-07-24,AM,Armenia,EURO,629,424400,0,8626
2022-07-31,AM,Armenia,EURO,965,425365,7,8633
2022-08-07,AM,Armenia,EURO,1434,426799,2,8635
2022-08-14,AM,Armenia,EURO,1849,428648,2,8637
2022-08-21,AM,Armenia,EURO,1713,430361,6,8643
2022-08-28,AM,Armenia,EURO,1913,432274,5,8648
2022-09-04,AM,Armenia,EURO,2124,434398,7,8655
2022-09-11,AM,Armenia,EURO,2329,436727,7,8662
2022-09-18,AM,Armenia,EURO,2086,438813,7,8669
2022-09-25,AM,Armenia,EURO,2142,440955,4,8673
2022-10-02,AM,Armenia,EURO,1431,442386,4,8677
2022-10-09,AM,Armenia,EURO,910,443296,8,8685
2022-10-16,AM,Armenia,EURO,697,443993,9,8694
2022-10-23,AM,Armenia,EURO,387,444380,6,8700
2022-10-30,AM,Armenia,EURO,231,444611,0,8700
2022-11-06,AM,Armenia,EURO,172,444783,3,8703
2022-11-13,AM,Armenia,EURO,185,444968,0,8703
2022-11-20,AM,Armenia,EURO,146,445114,0,8703
2022-11-27,AM,Armenia,EURO,148,445262,0,8703
2022-12-04,AM,Armenia,EURO,119,445381,1,8704
2022-12-11,AM,Armenia,EURO,91,445472,2,8706
2022-12-18,AM,Armenia,EURO,53,445525,0,8706
2022-12-25,AM,Armenia,EURO,58,445583,2,8708
2023-01-01,AM,Armenia,EURO,37,445620,2,8710
2023-01-08,AM,Armenia,EURO,32,445652,1,8711
2023-01-15,AM,Armenia,EURO,39,445691,2,8713
2023-01-22,AM,Armenia,EURO,69,445760,0,8713
2023-01-29,AM,Armenia,EURO,88,445848,0,8713
2023-02-05,AM,Armenia,EURO,105,445953,0,8713
2023-02-12,AM,Armenia,EURO,110,446063,2,8715
2023-02-19,AM,Armenia,EURO,170,446233,1,8716
2023-02-26,AM,Armenia,EURO,230,446463,2,8718
2023-03-05,AM,Armenia,EURO,356,446819,3,8721
2023-03-12,AM,Armenia,EURO,470,447289,6,8727
2023-03-19,AM,Armenia,EURO,441,447730,5,8732
2023-03-26,AM,Armenia,EURO,421,448151,7,8739
2023-04-02,AM,Armenia,EURO,307,448458,4,8743
2023-04-09,AM,Armenia,EURO,249,448707,0,8743
2023-04-16,AM,Armenia,EURO,139,448846,2,8745
2023-04-23,AM,Armenia,EURO,134,448980,1,8746
2023-04-30,AM,Armenia,EURO,82,449062,1,8747
2023-05-07,AM,Armenia,EURO,51,449113,2,8749
2023-05-14,AM,Armenia,EURO,35,449148,0,8749
2023-05-21,AM,Armenia,EURO,21,449169,1,8750
2023-05-28,AM,Armenia,EURO,34,449203,0,8750
2023-06-04,AM,Armenia,EURO,10,449213,0,8750
2023-06-11,AM,Armenia,EURO,9,449222,0,8750
2023-06-18,AM,Armenia,EURO,9,449231,0,8750
2023-06-25,AM,Armenia,EURO,2,449233,1,8751
2023-07-02,AM,Armenia,EURO,22,449255,0,8751
2023-07-09,AM,Armenia,EURO,5,449260,0,8751
2023-07-16,AM,Armenia,EURO,3,449263,0,8751
2023-07-23,AM,Armenia,EURO,10,449273,0,8751
2023-07-30,AM,Armenia,EURO,9,449282,0,8751
2023-08-06,AM,Armenia,EURO,11,449293,0,8751
2023-08-13,AM,Armenia,EURO,6,449299,0,8751
2023-08-20,AM,Armenia,EURO,21,449320,0,8751
2023-08-27,AM,Armenia,EURO,37,449357,0,8751
2023-09-03,AM,Armenia,EURO,31,449388,0,8751
2023-09-10,AM,Armenia,EURO,77,449465,0,8751
2023-09-17,AM,Armenia,EURO,63,449528,0,8751
2023-09-24,AM,Armenia,EURO,122,449650,0,8751
2023-10-01,AM,Armenia,EURO,217,449867,2,8753
2023-10-08,AM,Armenia,EURO,233,450100,3,8756
2023-10-15,AM,Armenia,EURO,234,450334,6,8762
2023-10-22,AM,Armenia,EURO,236,450570,3,8765
2023-10-29,AM,Armenia,EURO,162,450732,2,8767
2023-11-05,AM,Armenia,EURO,141,450873,2,8769
2023-11-12,AM,Armenia,EURO,119,450992,0,8769
2023-11-19,AM,Armenia,EURO,115,451107,0,8769
2023-11-26,AM,Armenia,EURO,97,451204,1,8770
2023-12-03,AM,Armenia,EURO,68,451272,0,8770
2023-12-10,AM,Armenia,EURO,81,451353,1,8771
2023-12-17,AM,Armenia,EURO,0,451353,0,8771
2023-12-24,AM,Armenia,EURO,0,451353,0,8771
2023-12-31,AM,Armenia,EURO,0,451353,0,8771
2020-01-05,AW,Aruba,AMRO,0,0,0,0
2020-01-12,AW,Aruba,AMRO,0,0,0,0
2020-01-19,AW,Aruba,AMRO,0,0,0,0
2020-01-26,AW,Aruba,AMRO,0,0,0,0
2020-02-02,AW,Aruba,AMRO,0,0,0,0
2020-02-09,AW,Aruba,AMRO,0,0,0,0
2020-02-16,AW,Aruba,AMRO,0,0,0,0
2020-02-23,AW,Aruba,AMRO,0,0,0,0
2020-03-01,AW,Aruba,AMRO,0,0,0,0
2020-03-08,AW,Aruba,AMRO,0,0,0,0
2020-03-15,AW,Aruba,AMRO,0,0,0,0
2020-03-22,AW,Aruba,AMRO,5,5,0,0
2020-03-29,AW,Aruba,AMRO,41,46,0,0
2020-04-05,AW,Aruba,AMRO,18,64,0,0
2020-04-12,AW,Aruba,AMRO,28,92,0,0
2020-04-19,AW,Aruba,AMRO,4,96,2,2
2020-04-26,AW,Aruba,AMRO,4,100,0,2
2020-05-03,AW,Aruba,AMRO,0,100,0,2
2020-05-10,AW,Aruba,AMRO,1,101,1,3
2020-05-17,AW,Aruba,AMRO,0,101,0,3
2020-05-24,AW,Aruba,AMRO,0,101,0,3
2020-05-31,AW,Aruba,AMRO,0,101,0,3
2020-06-07,AW,Aruba,AMRO,0,101,0,3
2020-06-14,AW,Aruba,AMRO,0,101,0,3
2020-06-21,AW,Aruba,AMRO,0,101,0,3
2020-06-28,AW,Aruba,AMRO,0,101,0,3
2020-07-05,AW,Aruba,AMRO,3,104,0,3
2020-07-12,AW,Aruba,AMRO,1,105,0,3
2020-07-19,AW,Aruba,AMRO,3,108,0,3
2020-07-26,AW,Aruba,AMRO,9,117,0,3
2020-08-02,AW,Aruba,AMRO,3,120,0,3
2020-08-09,AW,Aruba,AMRO,143,263,0,3
2020-08-16,AW,Aruba,AMRO,631,894,1,4
2020-08-23,AW,Aruba,AMRO,493,1387,2,6
2020-08-30,AW,Aruba,AMRO,461,1848,2,8
2020-09-06,AW,Aruba,AMRO,444,2292,5,13
2020-09-13,AW,Aruba,AMRO,527,2819,3,16
2020-09-20,AW,Aruba,AMRO,563,3382,7,23
2020-09-27,AW,Aruba,AMRO,374,3756,2,25
2020-10-04,AW,Aruba,AMRO,242,3998,2,27
2020-10-11,AW,Aruba,AMRO,152,4150,4,31
2020-10-18,AW,Aruba,AMRO,135,4285,1,32
2020-10-25,AW,Aruba,AMRO,104,4389,4,36
2020-11-01,AW,Aruba,AMRO,83,4472,1,37
2020-11-08,AW,Aruba,AMRO,92,4564,2,39
2020-11-15,AW,Aruba,AMRO,75,4639,4,43
2020-11-22,AW,Aruba,AMRO,54,4693,2,45
2020-11-29,AW,Aruba,AMRO,98,4791,0,45
2020-12-06,AW,Aruba,AMRO,132,4923,0,45
2020-12-13,AW,Aruba,AMRO,88,5011,1,46
2020-12-20,AW,Aruba,AMRO,113,5124,1,47
2020-12-27,AW,Aruba,AMRO,104,5228,0,47
2021-01-03,AW,Aruba,AMRO,214,5442,2,49
2021-01-10,AW,Aruba,AMRO,441,5883,1,50
2021-01-17,AW,Aruba,AMRO,413,6296,2,52
2021-01-24,AW,Aruba,AMRO,327,6623,0,52
2021-01-31,AW,Aruba,AMRO,235,6858,6,58
2021-02-07,AW,Aruba,AMRO,276,7134,3,61
2021-02-14,AW,Aruba,AMRO,204,7338,7,68
2021-02-21,AW,Aruba,AMRO,215,7553,2,70
2021-02-28,AW,Aruba,AMRO,251,7804,1,71
2021-03-07,AW,Aruba,AMRO,205,8009,4,75
2021-03-14,AW,Aruba,AMRO,263,8272,2,77
2021-03-21,AW,Aruba,AMRO,352,8624,4,81
2021-03-28,AW,Aruba,AMRO,449,9073,1,82
2021-04-04,AW,Aruba,AMRO,430,9503,4,86
2021-04-11,AW,Aruba,AMRO,393,9896,6,92
2021-04-18,AW,Aruba,AMRO,323,10219,0,92
2021-04-25,AW,Aruba,AMRO,250,10469,3,95
2021-05-02,AW,Aruba,AMRO,139,10608,3,98
2021-05-09,AW,Aruba,AMRO,129,10737,2,100
2021-05-16,AW,Aruba,AMRO,89,10826,4,104
2021-05-23,AW,Aruba,AMRO,66,10892,2,106
2021-05-30,AW,Aruba,AMRO,65,10957,1,107
2021-06-06,AW,Aruba,AMRO,61,11018,0,107
2021-06-13,AW,Aruba,AMRO,51,11069,0,107
2021-06-20,AW,Aruba,AMRO,30,11099,0,107
2021-06-27,AW,Aruba,AMRO,26,11125,0,107
2021-07-04,AW,Aruba,AMRO,15,11140,0,107
2021-07-11,AW,Aruba,AMRO,21,11161,0,107
2021-07-18,AW,Aruba,AMRO,37,11198,1,108
2021-07-25,AW,Aruba,AMRO,94,11292,1,109
2021-08-01,AW,Aruba,AMRO,292,11584,0,109
2021-08-08,AW,Aruba,AMRO,544,12128,2,111
2021-08-15,AW,Aruba,AMRO,801,12929,4,115
2021-08-22,AW,Aruba,AMRO,790,13719,9,124
2021-08-29,AW,Aruba,AMRO,599,14318,9,133
2021-09-05,AW,Aruba,AMRO,401,14719,15,148
2021-09-12,AW,Aruba,AMRO,272,14991,6,154
2021-09-19,AW,Aruba,AMRO,186,15177,2,156
2021-09-26,AW,Aruba,AMRO,174,15351,4,160
2021-10-03,AW,Aruba,AMRO,149,15500,6,166
2021-10-10,AW,Aruba,AMRO,87,15587,3,169
2021-10-17,AW,Aruba,AMRO,105,15692,1,170
2021-10-24,AW,Aruba,AMRO,87,15779,1,171
2021-10-31,AW,Aruba,AMRO,103,15882,0,171
2021-11-07,AW,Aruba,AMRO,67,15949,0,171
2021-11-14,AW,Aruba,AMRO,108,16057,1,172
2021-11-21,AW,Aruba,AMRO,92,16149,1,173
2021-11-28,AW,Aruba,AMRO,114,16263,1,174
2021-12-05,AW,Aruba,AMRO,129,16392,0,174
2021-12-12,AW,Aruba,AMRO,139,16531,2,176
2021-12-19,AW,Aruba,AMRO,185,16716,2,178
2021-12-26,AW,Aruba,AMRO,449,17165,3,181
2022-01-02,AW,Aruba,AMRO,2554,19719,0,181
2022-01-09,AW,Aruba,AMRO,5535,25254,0,181
2022-01-16,AW,Aruba,AMRO,4440,29694,3,184
2022-01-23,AW,Aruba,AMRO,2141,31835,3,187
2022-01-30,AW,Aruba,AMRO,883,32718,6,193
2022-02-06,AW,Aruba,AMRO,482,33200,1,194
2022-02-13,AW,Aruba,AMRO,236,33436,2,196
2022-02-20,AW,Aruba,AMRO,132,33568,2,198
2022-02-27,AW,Aruba,AMRO,87,33655,13,211
2022-03-06,AW,Aruba,AMRO,29,33684,0,211
2022-03-13,AW,Aruba,AMRO,48,33732,1,212
2022-03-20,AW,Aruba,AMRO,85,33817,0,212
2022-03-27,AW,Aruba,AMRO,26,33843,0,212
2022-04-03,AW,Aruba,AMRO,123,33966,0,212
2022-04-10,AW,Aruba,AMRO,123,34089,0,212
2022-04-17,AW,Aruba,AMRO,175,34264,0,212
2022-04-24,AW,Aruba,AMRO,182,34446,0,212
2022-05-01,AW,Aruba,AMRO,247,34693,0,212
2022-05-08,AW,Aruba,AMRO,272,34965,0,212
2022-05-15,AW,Aruba,AMRO,369,35334,0,212
2022-05-22,AW,Aruba,AMRO,586,35920,1,213
2022-05-29,AW,Aruba,AMRO,644,36564,0,213
2022-06-05,AW,Aruba,AMRO,788,37352,0,213
2022-06-12,AW,Aruba,AMRO,949,38301,3,216
2022-06-19,AW,Aruba,AMRO,1038,39339,3,219
2022-06-26,AW,Aruba,AMRO,840,40179,2,221
2022-07-03,AW,Aruba,AMRO,539,40718,0,221
2022-07-10,AW,Aruba,AMRO,282,41000,1,222
2022-07-17,AW,Aruba,AMRO,445,41445,2,224
2022-07-24,AW,Aruba,AMRO,342,41787,0,224
2022-07-31,AW,Aruba,AMRO,293,42080,0,224
2022-08-07,AW,Aruba,AMRO,206,42286,2,226
2022-08-14,AW,Aruba,AMRO,192,42478,0,226
2022-08-21,AW,Aruba,AMRO,160,42638,1,227
2022-08-28,AW,Aruba,AMRO,112,42750,0,227
2022-09-04,AW,Aruba,AMRO,98,42848,0,227
2022-09-11,AW,Aruba,AMRO,122,42970,1,228
2022-09-18,AW,Aruba,AMRO,0,42970,0,228
2022-09-25,AW,Aruba,AMRO,0,42970,0,228
2022-10-02,AW,Aruba,AMRO,175,43145,2,230
2022-10-09,AW,Aruba,AMRO,66,43211,1,231
2022-10-16,AW,Aruba,AMRO,40,43251,1,232
2022-10-23,AW,Aruba,AMRO,40,43291,0,232
2022-10-30,AW,Aruba,AMRO,43,43334,0,232
2022-11-06,AW,Aruba,AMRO,45,43379,1,233
2022-11-13,AW,Aruba,AMRO,44,43423,1,234
2022-11-20,AW,Aruba,AMRO,71,43494,1,235
2022-11-27,AW,Aruba,AMRO,74,43568,1,236
2022-12-04,AW,Aruba,AMRO,73,43641,0,236
2022-12-11,AW,Aruba,AMRO,52,43693,44,280
2022-12-18,AW,Aruba,AMRO,0,43693,0,280
2022-12-25,AW,Aruba,AMRO,59,43752,0,280
2023-01-01,AW,Aruba,AMRO,108,43860,0,280
2023-01-08,AW,Aruba,AMRO,0,43860,0,280
2023-01-15,AW,Aruba,AMRO,76,43936,1,281
2023-01-22,AW,Aruba,AMRO,29,43965,0,281
2023-01-29,AW,Aruba,AMRO,28,43993,0,281
2023-02-05,AW,Aruba,AMRO,0,43993,0,281
2023-02-12,AW,Aruba,AMRO,33,44026,1,282
2023-02-19,AW,Aruba,AMRO,0,44026,0,282
2023-02-26,AW,Aruba,AMRO,18,44044,0,282
2023-03-05,AW,Aruba,AMRO,22,44066,4,286
2023-03-12,AW,Aruba,AMRO,16,44082,0,286
2023-03-19,AW,Aruba,AMRO,9,44091,1,287
2023-03-26,AW,Aruba,AMRO,8,44099,0,287
2023-04-02,AW,Aruba,AMRO,15,44114,0,287
2023-04-09,AW,Aruba,AMRO,0,44114,0,287
2023-04-16,AW,Aruba,AMRO,0,44114,0,287
2023-04-23,AW,Aruba,AMRO,0,44114,0,287
2023-04-30,AW,Aruba,AMRO,0,44114,0,287
2023-05-07,AW,Aruba,AMRO,66,44180,1,288
2023-05-14,AW,Aruba,AMRO,0,44180,0,288
2023-05-21,AW,Aruba,AMRO,0,44180,0,288
2023-05-28,AW,Aruba,AMRO,0,44180,0,288
2023-06-04,AW,Aruba,AMRO,20,44200,2,290
2023-06-11,AW,Aruba,AMRO,0,44200,0,290
2023-06-18,AW,Aruba,AMRO,0,44200,0,290
2023-06-25,AW,Aruba,AMRO,0,44200,0,290
2023-07-02,AW,Aruba,AMRO,24,44224,2,292
2023-07-09,AW,Aruba,AMRO,0,44224,0,292
2023-07-16,AW,Aruba,AMRO,0,44224,0,292
2023-07-23,AW,Aruba,AMRO,0,44224,0,292
2023-07-30,AW,Aruba,AMRO,0,44224,0,292
2023-08-06,AW,Aruba,AMRO,0,44224,0,292
2023-08-13,AW,Aruba,AMRO,0,44224,0,292
2023-08-20,AW,Aruba,AMRO,0,44224,0,292
2023-08-27,AW,Aruba,AMRO,0,44224,0,292
2023-09-03,AW,Aruba,AMRO,0,44224,0,292
2023-09-10,AW,Aruba,AMRO,0,44224,0,292
2023-09-17,AW,Aruba,AMRO,0,44224,0,292
2023-09-24,AW,Aruba,AMRO,0,44224,0,292
2023-10-01,AW,Aruba,AMRO,0,44224,0,292
2023-10-08,AW,Aruba,AMRO,0,44224,0,292
2023-10-15,AW,Aruba,AMRO,0,44224,0,292
2023-10-22,AW,Aruba,AMRO,0,44224,0,292
2023-10-29,AW,Aruba,AMRO,0,44224,0,292
2023-11-05,AW,Aruba,AMRO,0,44224,0,292
2023-11-12,AW,Aruba,AMRO,0,44224,0,292
2023-11-19,AW,Aruba,AMRO,0,44224,0,292
2023-11-26,AW,Aruba,AMRO,0,44224,0,292
2023-12-03,AW,Aruba,AMRO,0,44224,0,292
2023-12-10,AW,Aruba,AMRO,0,44224,0,292
2023-12-17,AW,Aruba,AMRO,0,44224,0,292
2023-12-24,AW,Aruba,AMRO,0,44224,0,292
2023-12-31,AW,Aruba,AMRO,0,44224,0,292
2020-01-05,AU,Australia,WPRO,0,0,0,0
2020-01-12,AU,Australia,WPRO,0,0,0,0
2020-01-19,AU,Australia,WPRO,0,0,0,0
2020-01-26,AU,Australia,WPRO,4,4,0,0
2020-02-02,AU,Australia,WPRO,8,12,0,0
2020-02-09,AU,Australia,WPRO,3,15,0,0
2020-02-16,AU,Australia,WPRO,0,15,0,0
2020-02-23,AU,Australia,WPRO,7,22,0,0
2020-03-01,AU,Australia,WPRO,3,25,0,0
2020-03-08,AU,Australia,WPRO,45,70,4,4
2020-03-15,AU,Australia,WPRO,179,249,3,7
2020-03-22,AU,Australia,WPRO,832,1081,2,9
2020-03-29,AU,Australia,WPRO,2728,3809,7,16
2020-04-05,AU,Australia,WPRO,1826,5635,20,36
2020-04-12,AU,Australia,WPRO,654,6289,25,61
2020-04-19,AU,Australia,WPRO,297,6586,12,73
2020-04-26,AU,Australia,WPRO,117,6703,12,85
2020-05-03,AU,Australia,WPRO,80,6783,14,99
2020-05-10,AU,Australia,WPRO,146,6929,2,101
2020-05-17,AU,Australia,WPRO,107,7036,2,103
2020-05-24,AU,Australia,WPRO,70,7106,4,107
2020-05-31,AU,Australia,WPRO,79,7185,0,107
2020-06-07,AU,Australia,WPRO,70,7255,0,107
2020-06-14,AU,Australia,WPRO,47,7302,0,107
2020-06-21,AU,Australia,WPRO,134,7436,0,107
2020-06-28,AU,Australia,WPRO,205,7641,1,108
2020-07-05,AU,Australia,WPRO,721,8362,1,109
2020-07-12,AU,Australia,WPRO,1191,9553,4,113
2020-07-19,AU,Australia,WPRO,1888,11441,16,129
2020-07-26,AU,Australia,WPRO,2509,13950,45,174
2020-08-02,AU,Australia,WPRO,3332,17282,95,269
2020-08-09,AU,Australia,WPRO,3416,20698,106,375
2020-08-16,AU,Australia,WPRO,2337,23035,138,513
2020-08-23,AU,Australia,WPRO,1567,24602,114,627
2020-08-30,AU,Australia,WPRO,945,25547,97,724
2020-09-06,AU,Australia,WPRO,660,26207,58,782
2020-09-13,AU,Australia,WPRO,400,26607,46,828
2020-09-20,AU,Australia,WPRO,278,26885,36,864
2020-09-27,AU,Australia,WPRO,131,27016,23,887
2020-10-04,AU,Australia,WPRO,105,27121,19,906
2020-10-11,AU,Australia,WPRO,123,27244,5,911
2020-10-18,AU,Australia,WPRO,139,27383,1,912
2020-10-25,AU,Australia,WPRO,116,27499,2,914
2020-11-01,AU,Australia,WPRO,91,27590,0,914
2020-11-08,AU,Australia,WPRO,62,27652,0,914
2020-11-15,AU,Australia,WPRO,59,27711,3,917
2020-11-22,AU,Australia,WPRO,96,27807,0,917
2020-11-29,AU,Australia,WPRO,78,27885,1,918
2020-12-06,AU,Australia,WPRO,71,27956,1,919
2020-12-13,AU,Australia,WPRO,69,28025,0,919
2020-12-20,AU,Australia,WPRO,103,28128,0,919
2020-12-27,AU,Australia,WPRO,168,28296,1,920
2021-01-03,AU,Australia,WPRO,187,28483,2,922
2021-01-10,AU,Australia,WPRO,112,28595,0,922
2021-01-17,AU,Australia,WPRO,113,28708,1,923
2021-01-24,AU,Australia,WPRO,58,28766,0,923
2021-01-31,AU,Australia,WPRO,45,28811,0,923
2021-02-07,AU,Australia,WPRO,39,28850,0,923
2021-02-14,AU,Australia,WPRO,48,28898,0,923
2021-02-21,AU,Australia,WPRO,28,28926,1,924
2021-02-28,AU,Australia,WPRO,44,28970,0,924
2021-03-07,AU,Australia,WPRO,67,29037,0,924
2021-03-14,AU,Australia,WPRO,80,29117,1,925
2021-03-21,AU,Australia,WPRO,79,29196,0,925
2021-03-28,AU,Australia,WPRO,64,29260,0,925
2021-04-04,AU,Australia,WPRO,88,29348,1,926
2021-04-11,AU,Australia,WPRO,57,29405,0,926
2021-04-18,AU,Australia,WPRO,114,29519,2,928
2021-04-25,AU,Australia,WPRO,147,29666,0,928
2021-05-02,AU,Australia,WPRO,160,29826,0,928
2021-05-09,AU,Australia,WPRO,97,29923,0,928
2021-05-16,AU,Australia,WPRO,52,29975,0,928
2021-05-23,AU,Australia,WPRO,36,30011,0,928
2021-05-30,AU,Australia,WPRO,87,30098,0,928
2021-06-06,AU,Australia,WPRO,357,30455,0,928
2021-06-13,AU,Australia,WPRO,58,30513,0,928
2021-06-20,AU,Australia,WPRO,87,30600,0,928
2021-06-27,AU,Australia,WPRO,235,30835,0,928
2021-07-04,AU,Australia,WPRO,276,31111,0,928
2021-07-11,AU,Australia,WPRO,549,31660,2,930
2021-07-18,AU,Australia,WPRO,875,32535,5,935
2021-07-25,AU,Australia,WPRO,1260,33795,5,940
2021-08-01,AU,Australia,WPRO,1667,35462,7,947
2021-08-08,AU,Australia,WPRO,2313,37775,16,963
2021-08-15,AU,Australia,WPRO,3613,41388,27,990
2021-08-22,AU,Australia,WPRO,6133,47521,22,1012
2021-08-29,AU,Australia,WPRO,8140,55661,20,1032
2021-09-05,AU,Australia,WPRO,11094,66755,52,1084
2021-09-12,AU,Australia,WPRO,12596,79351,56,1140
2021-09-19,AU,Australia,WPRO,12301,91652,77,1217
2021-09-26,AU,Australia,WPRO,12498,104150,95,1312
2021-10-03,AU,Australia,WPRO,15401,119551,110,1422
2021-10-10,AU,Australia,WPRO,15281,134832,119,1541
2021-10-17,AU,Australia,WPRO,15347,150179,105,1646
2021-10-24,AU,Australia,WPRO,13759,163938,108,1754
2021-10-31,AU,Australia,WPRO,10046,173984,112,1866
2021-11-07,AU,Australia,WPRO,9666,183650,97,1963
2021-11-14,AU,Australia,WPRO,8701,192351,66,2029
2021-11-21,AU,Australia,WPRO,9330,201681,81,2110
2021-11-28,AU,Australia,WPRO,9744,211425,56,2166
2021-12-05,AU,Australia,WPRO,10526,221951,52,2218
2021-12-12,AU,Australia,WPRO,13403,235354,36,2254
2021-12-19,AU,Australia,WPRO,31489,266843,54,2308
2021-12-26,AU,Australia,WPRO,99764,366607,69,2377
2022-01-02,AU,Australia,WPRO,289614,656221,103,2480
2022-01-09,AU,Australia,WPRO,588813,1245034,219,2699
2022-01-16,AU,Australia,WPRO,462325,1707359,440,3139
2022-01-23,AU,Australia,WPRO,347960,2055319,660,3799
2022-01-30,AU,Australia,WPRO,267817,2323136,670,4469
2022-02-06,AU,Australia,WPRO,201112,2524248,581,5050
2022-02-13,AU,Australia,WPRO,171754,2696002,436,5486
2022-02-20,AU,Australia,WPRO,160429,2856431,324,5810
2022-02-27,AU,Australia,WPRO,160402,3016833,242,6052
2022-03-06,AU,Australia,WPRO,195717,3212550,151,6203
2022-03-13,AU,Australia,WPRO,241848,3454398,140,6343
2022-03-20,AU,Australia,WPRO,327240,3781638,139,6482
2022-03-27,AU,Australia,WPRO,385762,4167400,149,6631
2022-04-03,AU,Australia,WPRO,395982,4563382,200,6831
2022-04-10,AU,Australia,WPRO,359765,4923147,198,7029
2022-04-17,AU,Australia,WPRO,306184,5229331,250,7279
2022-04-24,AU,Australia,WPRO,289282,5518613,315,7594
2022-05-01,AU,Australia,WPRO,272054,5790667,295,7889
2022-05-08,AU,Australia,WPRO,304061,6094728,315,8204
2022-05-15,AU,Australia,WPRO,350375,6445103,339,8543
2022-05-22,AU,Australia,WPRO,311716,6756819,317,8860
2022-05-29,AU,Australia,WPRO,240429,6997248,344,9204
2022-06-05,AU,Australia,WPRO,199964,7197212,375,9579
2022-06-12,AU,Australia,WPRO,184472,7381684,331,9910
2022-06-19,AU,Australia,WPRO,191043,7572727,344,10254
2022-06-26,AU,Australia,WPRO,204308,7777035,324,10578
2022-07-03,AU,Australia,WPRO,0,7777035,344,10922
2022-07-10,AU,Australia,WPRO,243697,8020732,400,11322
2022-07-17,AU,Australia,WPRO,271605,8292337,451,11773
2022-07-24,AU,Australia,WPRO,303029,8595366,607,12380
2022-07-31,AU,Australia,WPRO,319779,8915145,618,12998
2022-08-07,AU,Australia,WPRO,259334,9174479,603,13601
2022-08-14,AU,Australia,WPRO,200397,9374876,526,14127
2022-08-21,AU,Australia,WPRO,139178,9514054,375,14502
2022-08-28,AU,Australia,WPRO,103184,9617238,329,14831
2022-09-04,AU,Australia,WPRO,79985,9697223,240,15071
2022-09-11,AU,Australia,WPRO,63392,9760615,214,15285
2022-09-18,AU,Australia,WPRO,51273,9811888,184,15469
2022-09-25,AU,Australia,WPRO,43401,9855289,147,15616
2022-10-02,AU,Australia,WPRO,37578,9892867,113,15729
2022-10-09,AU,Australia,WPRO,38674,9931541,102,15831
2022-10-16,AU,Australia,WPRO,31327,9962868,74,15905
2022-10-23,AU,Australia,WPRO,29620,9992488,103,16008
2022-10-30,AU,Australia,WPRO,30363,10022851,85,16093
2022-11-06,AU,Australia,WPRO,35763,10058614,111,16204
2022-11-13,AU,Australia,WPRO,52310,10110924,116,16320
2022-11-20,AU,Australia,WPRO,73573,10184497,154,16474
2022-11-27,AU,Australia,WPRO,83407,10267904,178,16652
2022-12-04,AU,Australia,WPRO,97897,10365801,259,16911
2022-12-11,AU,Australia,WPRO,107902,10473703,272,17183
2022-12-18,AU,Australia,WPRO,112016,10585719,299,17482
2022-12-25,AU,Australia,WPRO,108322,10694041,334,17816
2023-01-01,AU,Australia,WPRO,91518,10785559,1094,18910
2023-01-08,AU,Australia,WPRO,86989,10872548,0,18910
2023-01-15,AU,Australia,WPRO,46003,10918551,0,18910
2023-01-22,AU,Australia,WPRO,30909,10949460,0,18910
2023-01-29,AU,Australia,WPRO,22041,10971501,0,18910
2023-02-05,AU,Australia,WPRO,18922,10990423,1161,20071
2023-02-12,AU,Australia,WPRO,17067,11007490,96,20167
2023-02-19,AU,Australia,WPRO,17927,11025417,89,20256
2023-02-26,AU,Australia,WPRO,17814,11043231,90,20346
2023-03-05,AU,Australia,WPRO,18262,11061493,78,20424
2023-03-12,AU,Australia,WPRO,19780,11081273,78,20502
2023-03-19,AU,Australia,WPRO,21681,11102954,88,20590
2023-03-26,AU,Australia,WPRO,23014,11125968,93,20683
2023-04-02,AU,Australia,WPRO,25521,11151489,103,20786
2023-04-09,AU,Australia,WPRO,27650,11179139,123,20909
2023-04-16,AU,Australia,WPRO,27055,11206194,131,21040
2023-04-23,AU,Australia,WPRO,29966,11236160,146,21186
2023-04-30,AU,Australia,WPRO,29431,11265591,155,21341
2023-05-07,AU,Australia,WPRO,29663,11295254,173,21514
2023-05-14,AU,Australia,WPRO,31859,11327113,173,21687
2023-05-21,AU,Australia,WPRO,37720,11364833,170,21857
2023-05-28,AU,Australia,WPRO,41012,11405845,213,22070
2023-06-04,AU,Australia,WPRO,39051,11444896,232,22302
2023-06-11,AU,Australia,WPRO,33125,11478021,226,22528
2023-06-18,AU,Australia,WPRO,22769,11500790,183,22711
2023-06-25,AU,Australia,WPRO,16822,11517612,59,22770
2023-07-02,AU,Australia,WPRO,13551,11531163,0,22770
2023-07-09,AU,Australia,WPRO,10511,11541674,0,22770
2023-07-16,AU,Australia,WPRO,7826,11549500,-76,22694
2023-07-23,AU,Australia,WPRO,6495,11555995,85,22779
2023-07-30,AU,Australia,WPRO,5525,11561520,60,22839
2023-08-06,AU,Australia,WPRO,5410,11566930,67,22906
2023-08-13,AU,Australia,WPRO,5116,11572046,0,22906
2023-08-20,AU,Australia,WPRO,5194,11577240,56,22962
2023-08-27,AU,Australia,WPRO,5176,11582416,53,23015
2023-09-03,AU,Australia,WPRO,5491,11587907,39,23054
2023-09-10,AU,Australia,WPRO,5033,11592940,40,23094
2023-09-17,AU,Australia,WPRO,5017,11597957,38,23132
2023-09-24,AU,Australia,WPRO,5189,11603146,37,23169
2023-10-01,AU,Australia,WPRO,5393,11608539,33,23202
2023-10-08,AU,Australia,WPRO,5561,11614100,78,23280
2023-10-15,AU,Australia,WPRO,4691,11618791,45,23325
2023-10-22,AU,Australia,WPRO,5358,11624149,52,23377
2023-10-29,AU,Australia,WPRO,6347,11630496,72,23449
2023-11-05,AU,Australia,WPRO,7687,11638183,51,23500
2023-11-12,AU,Australia,WPRO,0,11638183,0,23500
2023-11-19,AU,Australia,WPRO,21092,11659275,204,23704
2023-11-26,AU,Australia,WPRO,10282,11669557,89,23793
2023-12-03,AU,Australia,WPRO,9620,11679177,152,23945
2023-12-10,AU,Australia,WPRO,9889,11689066,76,24021
2023-12-17,AU,Australia,WPRO,10353,11699419,45,24066
2023-12-24,AU,Australia,WPRO,10797,11710216,21,24087
2023-12-31,AU,Australia,WPRO,0,11710216,0,24087
2020-01-05,AT,Austria,EURO,0,0,0,0
2020-01-12,AT,Austria,EURO,0,0,0,0
2020-01-19,AT,Austria,EURO,0,0,0,0
2020-01-26,AT,Austria,EURO,0,0,0,0
2020-02-02,AT,Austria,EURO,0,0,0,0
2020-02-09,AT,Austria,EURO,0,0,0,0
2020-02-16,AT,Austria,EURO,0,0,0,0
2020-02-23,AT,Austria,EURO,0,0,0,0
2020-03-01,AT,Austria,EURO,7,7,0,0
2020-03-08,AT,Austria,EURO,68,75,0,0
2020-03-15,AT,Austria,EURO,513,588,1,1
2020-03-22,AT,Austria,EURO,544,1132,14,15
2020-03-29,AT,Austria,EURO,3814,4946,51,66
2020-04-05,AT,Austria,EURO,3753,8699,103,169
2020-04-12,AT,Austria,EURO,1942,10641,151,320
2020-04-19,AT,Austria,EURO,889,11530,111,431
2020-04-26,AT,Austria,EURO,450,11980,85,516
2020-05-03,AT,Austria,EURO,366,12346,60,576
2020-05-10,AT,Austria,EURO,259,12605,33,609
2020-05-17,AT,Austria,EURO,329,12934,20,629
2020-05-24,AT,Austria,EURO,249,13183,17,646
2020-05-31,AT,Austria,EURO,213,13396,12,658
2020-06-07,AT,Austria,EURO,208,13604,16,674
2020-06-14,AT,Austria,EURO,188,13792,12,686
2020-06-21,AT,Austria,EURO,227,14019,17,703
2020-06-28,AT,Austria,EURO,288,14307,16,719
2020-07-05,AT,Austria,EURO,565,14872,11,730
2020-07-12,AT,Austria,EURO,636,15508,5,735
2020-07-19,AT,Austria,EURO,758,16266,9,744
2020-07-26,AT,Austria,EURO,827,17093,10,754
2020-08-02,AT,Austria,EURO,876,17969,13,767
2020-08-09,AT,Austria,EURO,676,18645,13,780
2020-08-16,AT,Austria,EURO,1310,19955,11,791
2020-08-23,AT,Austria,EURO,1812,21767,11,802
2020-08-30,AT,Austria,EURO,1904,23671,10,812
2020-09-06,AT,Austria,EURO,2141,25812,13,825
2020-09-13,AT,Austria,EURO,3750,29562,13,838
2020-09-20,AT,Austria,EURO,4906,34468,20,858
2020-09-27,AT,Austria,EURO,4661,39129,31,889
2020-10-04,AT,Austria,EURO,5291,44420,36,925
2020-10-11,AT,Austria,EURO,7102,51522,63,988
2020-10-18,AT,Austria,EURO,9059,60581,62,1050
2020-10-25,AT,Austria,EURO,15533,76114,112,1162
2020-11-01,AT,Austria,EURO,27818,103932,214,1376
2020-11-08,AT,Austria,EURO,42962,146894,353,1729
2020-11-15,AT,Austria,EURO,49191,196085,571,2300
2020-11-22,AT,Austria,EURO,42797,238882,727,3027
2020-11-29,AT,Austria,EURO,32574,271456,822,3849
2020-12-06,AT,Austria,EURO,24249,295705,957,4806
2020-12-13,AT,Austria,EURO,18476,314181,871,5677
2020-12-20,AT,Austria,EURO,17130,331311,729,6406
2020-12-27,AT,Austria,EURO,13421,344732,643,7049
2021-01-03,AT,Austria,EURO,14212,358944,550,7599
2021-01-10,AT,Austria,EURO,15104,374048,453,8052
2021-01-17,AT,Austria,EURO,11470,385518,438,8490
2021-01-24,AT,Austria,EURO,10528,396046,401,8891
2021-01-31,AT,Austria,EURO,9512,405558,387,9278
2021-02-07,AT,Austria,EURO,9181,414739,321,9599
2021-02-14,AT,Austria,EURO,9273,424012,268,9867
2021-02-21,AT,Austria,EURO,11105,435117,217,10084
2021-02-28,AT,Austria,EURO,13481,448598,225,10309
2021-03-07,AT,Austria,EURO,15679,464277,196,10505
2021-03-14,AT,Austria,EURO,17980,482257,208,10713
2021-03-21,AT,Austria,EURO,20380,502637,243,10956
2021-03-28,AT,Austria,EURO,21544,524181,219,11175
2021-04-04,AT,Austria,EURO,21501,545682,249,11424
2021-04-11,AT,Austria,EURO,18730,564412,264,11688
2021-04-18,AT,Austria,EURO,16783,581195,250,11938
2021-04-25,AT,Austria,EURO,15655,596850,221,12159
2021-05-02,AT,Austria,EURO,13512,610362,178,12337
2021-05-09,AT,Austria,EURO,9651,620013,180,12517
2021-05-16,AT,Austria,EURO,6321,626334,117,12634
2021-05-23,AT,Austria,EURO,4502,630836,80,12714
2021-05-30,AT,Austria,EURO,3299,634135,75,12789
2021-06-06,AT,Austria,EURO,2499,636634,55,12844
2021-06-13,AT,Austria,EURO,2011,638645,39,12883
2021-06-20,AT,Austria,EURO,1088,639733,31,12914
2021-06-27,AT,Austria,EURO,765,640498,26,12940
2021-07-04,AT,Austria,EURO,630,641128,22,12962
2021-07-11,AT,Austria,EURO,895,642023,16,12978
2021-07-18,AT,Austria,EURO,1940,643963,14,12992
2021-07-25,AT,Austria,EURO,2481,646444,13,13005
2021-08-01,AT,Austria,EURO,3134,649578,13,13018
2021-08-08,AT,Austria,EURO,3433,653011,23,13041
2021-08-15,AT,Austria,EURO,5269,658280,13,13054
2021-08-22,AT,Austria,EURO,7609,665889,14,13068
2021-08-29,AT,Austria,EURO,9095,674984,27,13095
2021-09-05,AT,Austria,EURO,10736,685720,38,13133
2021-09-12,AT,Austria,EURO,13822,699542,59,13192
2021-09-19,AT,Austria,EURO,14233,713775,68,13260
2021-09-26,AT,Austria,EURO,11737,725512,78,13338
2021-10-03,AT,Austria,EURO,12441,737953,77,13415
2021-10-10,AT,Austria,EURO,12820,750773,77,13492
2021-10-17,AT,Austria,EURO,14078,764851,88,13580
2021-10-24,AT,Austria,EURO,21646,786497,111,13691
2021-10-31,AT,Austria,EURO,30465,816962,137,13828
2021-11-07,AT,Austria,EURO,50720,867682,192,14020
2021-11-14,AT,Austria,EURO,72220,939902,287,14307
2021-11-21,AT,Austria,EURO,93928,1033830,386,14693
2021-11-28,AT,Austria,EURO,90679,1124509,467,15160
2021-12-05,AT,Austria,EURO,58797,1183306,483,15643
2021-12-12,AT,Austria,EURO,32187,1215493,443,16086
2021-12-19,AT,Austria,EURO,21481,1236974,303,16389
2021-12-26,AT,Austria,EURO,15114,1252088,198,16587
2022-01-02,AT,Austria,EURO,19925,1272013,154,16741
2022-01-09,AT,Austria,EURO,47142,1319155,89,16830
2022-01-16,AT,Austria,EURO,101269,1420424,72,16902
2022-01-23,AT,Austria,EURO,158635,1579059,71,16973
2022-01-30,AT,Austria,EURO,220484,1799543,106,17079
2022-02-06,AT,Austria,EURO,231714,2031257,127,17206
2022-02-13,AT,Austria,EURO,223088,2254345,170,17376
2022-02-20,AT,Austria,EURO,200933,2455278,201,17577
2022-02-27,AT,Austria,EURO,185138,2640416,213,17790
2022-03-06,AT,Austria,EURO,206248,2846664,228,18018
2022-03-13,AT,Austria,EURO,281597,3128261,192,18210
2022-03-20,AT,Austria,EURO,319108,3447369,226,18436
2022-03-27,AT,Austria,EURO,270232,3717601,288,18724
2022-04-03,AT,Austria,EURO,172589,3890190,289,19013
2022-04-10,AT,Austria,EURO,103990,3994180,226,19239
2022-04-17,AT,Austria,EURO,68173,4062353,179,19418
2022-04-24,AT,Austria,EURO,52197,4114550,138,19556
2022-05-01,AT,Austria,EURO,41690,4156240,100,19656
2022-05-08,AT,Austria,EURO,37988,4194228,76,19732
2022-05-15,AT,Austria,EURO,31290,4225518,61,19793
2022-05-22,AT,Austria,EURO,22565,4248083,34,19827
2022-05-29,AT,Austria,EURO,15151,4263234,39,19866
2022-06-05,AT,Austria,EURO,18678,4281912,21,19887
2022-06-12,AT,Austria,EURO,23968,4305880,22,19909
2022-06-19,AT,Austria,EURO,35416,4341296,28,19937
2022-06-26,AT,Austria,EURO,58037,4399333,33,19970
2022-07-03,AT,Austria,EURO,68562,4467895,53,20023
2022-07-10,AT,Austria,EURO,74223,4542118,58,20081
2022-07-17,AT,Austria,EURO,80557,4622675,57,20138
2022-07-24,AT,Austria,EURO,82554,4705229,89,20227
2022-07-31,AT,Austria,EURO,60380,4765609,104,20331
2022-08-07,AT,Austria,EURO,44332,4809941,76,20407
2022-08-14,AT,Austria,EURO,39284,4849225,83,20490
2022-08-21,AT,Austria,EURO,37611,4886836,57,20547
2022-08-28,AT,Austria,EURO,34819,4921655,55,20602
2022-09-04,AT,Austria,EURO,30154,4951809,32,20634
2022-09-11,AT,Austria,EURO,28946,4980755,52,20686
2022-09-18,AT,Austria,EURO,33920,5014675,34,20720
2022-09-25,AT,Austria,EURO,47759,5062434,33,20753
2022-10-02,AT,Austria,EURO,77655,5140089,51,20804
2022-10-09,AT,Austria,EURO,96821,5236910,86,20890
2022-10-16,AT,Austria,EURO,90835,5327745,93,20983
2022-10-23,AT,Austria,EURO,64550,5392295,69,21052
2022-10-30,AT,Austria,EURO,39248,5431543,91,21143
2022-11-06,AT,Austria,EURO,30833,5462376,57,21200
2022-11-13,AT,Austria,EURO,25591,5487967,49,21249
2022-11-20,AT,Austria,EURO,26519,5514486,61,21310
2022-11-27,AT,Austria,EURO,29327,5543813,41,21351
2022-12-04,AT,Austria,EURO,33020,5576833,50,21401
2022-12-11,AT,Austria,EURO,31822,5608655,43,21444
2022-12-18,AT,Austria,EURO,36251,5644906,52,21496
2022-12-25,AT,Austria,EURO,33439,5678345,75,21571
2023-01-01,AT,Austria,EURO,26728,5705073,73,21644
2023-01-08,AT,Austria,EURO,19106,5724179,64,21708
2023-01-15,AT,Austria,EURO,16350,5740529,66,21774
2023-01-22,AT,Austria,EURO,13499,5754028,42,21816
2023-01-29,AT,Austria,EURO,18243,5772271,42,21858
2023-02-05,AT,Austria,EURO,26105,5798376,54,21912
2023-02-12,AT,Austria,EURO,27763,5826139,37,21949
2023-02-19,AT,Austria,EURO,33324,5859463,34,21983
2023-02-26,AT,Austria,EURO,37763,5897226,60,22043
2023-03-05,AT,Austria,EURO,39473,5936699,54,22097
2023-03-12,AT,Austria,EURO,34418,5971117,72,22169
2023-03-19,AT,Austria,EURO,28347,5999464,47,22216
2023-03-26,AT,Austria,EURO,22317,6021781,58,22274
2023-04-02,AT,Austria,EURO,14310,6036091,41,22315
2023-04-09,AT,Austria,EURO,9089,6045180,38,22353
2023-04-16,AT,Austria,EURO,7508,6052688,36,22389
2023-04-23,AT,Austria,EURO,6676,6059364,29,22418
2023-04-30,AT,Austria,EURO,5463,6064827,33,22451
2023-05-07,AT,Austria,EURO,4026,6068853,20,22471
2023-05-14,AT,Austria,EURO,3061,6071914,13,22484
2023-05-21,AT,Austria,EURO,2145,6074059,12,22496
2023-05-28,AT,Austria,EURO,2345,6076404,12,22508
2023-06-04,AT,Austria,EURO,1468,6077872,12,22520
2023-06-11,AT,Austria,EURO,1018,6078890,5,22525
2023-06-18,AT,Austria,EURO,1057,6079947,7,22532
2023-06-25,AT,Austria,EURO,828,6080775,2,22534
2023-07-02,AT,Austria,EURO,512,6081287,0,22534
2023-07-09,AT,Austria,EURO,0,6081287,0,22534
2023-07-16,AT,Austria,EURO,0,6081287,0,22534
2023-07-23,AT,Austria,EURO,0,6081287,0,22534
2023-07-30,AT,Austria,EURO,0,6081287,0,22534
2023-08-06,AT,Austria,EURO,0,6081287,0,22534
2023-08-13,AT,Austria,EURO,0,6081287,0,22534
2023-08-20,AT,Austria,EURO,0,6081287,0,22534
2023-08-27,AT,Austria,EURO,0,6081287,0,22534
2023-09-03,AT,Austria,EURO,0,6081287,0,22534
2023-09-10,AT,Austria,EURO,0,6081287,0,22534
2023-09-17,AT,Austria,EURO,0,6081287,0,22534
2023-09-24,AT,Austria,EURO,0,6081287,0,22534
2023-10-01,AT,Austria,EURO,0,6081287,0,22534
2023-10-08,AT,Austria,EURO,0,6081287,0,22534
2023-10-15,AT,Austria,EURO,0,6081287,0,22534
2023-10-22,AT,Austria,EURO,0,6081287,0,22534
2023-10-29,AT,Austria,EURO,0,6081287,0,22534
2023-11-05,AT,Austria,EURO,0,6081287,0,22534
2023-11-12,AT,Austria,EURO,0,6081287,0,22534
2023-11-19,AT,Austria,EURO,0,6081287,0,22534
2023-11-26,AT,Austria,EURO,0,6081287,0,22534
2023-12-03,AT,Austria,EURO,0,6081287,0,22534
2023-12-10,AT,Austria,EURO,0,6081287,0,22534
2023-12-17,AT,Austria,EURO,0,6081287,0,22534
2023-12-24,AT,Austria,EURO,0,6081287,0,22534
2023-12-31,AT,Austria,EURO,0,6081287,0,22534
2020-01-05,AZ,Azerbaijan,EURO,0,0,0,0
2020-01-12,AZ,Azerbaijan,EURO,0,0,0,0
2020-01-19,AZ,Azerbaijan,EURO,0,0,0,0
2020-01-26,AZ,Azerbaijan,EURO,0,0,0,0
2020-02-02,AZ,Azerbaijan,EURO,0,0,0,0
2020-02-09,AZ,Azerbaijan,EURO,0,0,0,0
2020-02-16,AZ,Azerbaijan,EURO,0,0,0,0
2020-02-23,AZ,Azerbaijan,EURO,0,0,0,0
2020-03-01,AZ,Azerbaijan,EURO,3,3,0,0
2020-03-08,AZ,Azerbaijan,EURO,6,9,0,0
2020-03-15,AZ,Azerbaijan,EURO,2,11,0,0
2020-03-22,AZ,Azerbaijan,EURO,42,53,1,1
2020-03-29,AZ,Azerbaijan,EURO,94,147,2,3
2020-04-05,AZ,Azerbaijan,EURO,296,443,2,5
2020-04-12,AZ,Azerbaijan,EURO,548,991,5,10
2020-04-19,AZ,Azerbaijan,EURO,349,1340,5,15
2020-04-26,AZ,Azerbaijan,EURO,252,1592,6,21
2020-05-03,AZ,Azerbaijan,EURO,262,1854,4,25
2020-05-10,AZ,Azerbaijan,EURO,425,2279,3,28
2020-05-17,AZ,Azerbaijan,EURO,701,2980,8,36
2020-05-24,AZ,Azerbaijan,EURO,875,3855,10,46
2020-05-31,AZ,Azerbaijan,EURO,1134,4989,12,58
2020-06-07,AZ,Azerbaijan,EURO,1871,6860,24,82
2020-06-14,AZ,Azerbaijan,EURO,2358,9218,31,113
2020-06-21,AZ,Azerbaijan,EURO,2549,11767,30,143
2020-06-28,AZ,Azerbaijan,EURO,3602,15369,44,187
2020-07-05,AZ,Azerbaijan,EURO,3898,19267,48,235
2020-07-12,AZ,Azerbaijan,EURO,3723,22990,57,292
2020-07-19,AZ,Azerbaijan,EURO,3646,26636,49,341
2020-07-26,AZ,Azerbaijan,EURO,2676,29312,59,400
2020-08-02,AZ,Azerbaijan,EURO,2566,31878,48,448
2020-08-09,AZ,Azerbaijan,EURO,1498,33376,35,483
2020-08-16,AZ,Azerbaijan,EURO,642,34018,21,504
2020-08-23,AZ,Azerbaijan,EURO,903,34921,8,512
2020-08-30,AZ,Azerbaijan,EURO,1065,35986,15,527
2020-09-06,AZ,Azerbaijan,EURO,1045,37031,16,543
2020-09-13,AZ,Azerbaijan,EURO,1006,38037,14,557
2020-09-20,AZ,Azerbaijan,EURO,857,38894,15,572
2020-09-27,AZ,Azerbaijan,EURO,893,39787,11,583
2020-10-04,AZ,Azerbaijan,EURO,666,40453,11,594
2020-10-11,AZ,Azerbaijan,EURO,1066,41519,11,605
2020-10-18,AZ,Azerbaijan,EURO,2270,43789,16,621
2020-10-25,AZ,Azerbaijan,EURO,4432,48221,35,656
2020-11-01,AZ,Azerbaijan,EURO,5953,54174,62,718
2020-11-08,AZ,Azerbaijan,EURO,8164,62338,93,811
2020-11-15,AZ,Azerbaijan,EURO,9242,71580,116,927
2020-11-22,AZ,Azerbaijan,EURO,15583,87163,152,1079
2020-11-29,AZ,Azerbaijan,EURO,22650,109813,212,1291
2020-12-06,AZ,Azerbaijan,EURO,28187,138000,260,1551
2020-12-13,AZ,Azerbaijan,EURO,29155,167155,289,1840
2020-12-20,AZ,Azerbaijan,EURO,28267,195422,293,2133
2020-12-27,AZ,Azerbaijan,EURO,16342,211764,283,2416
2021-01-03,AZ,Azerbaijan,EURO,7277,219041,254,2670
2021-01-10,AZ,Azerbaijan,EURO,4376,223417,199,2869
2021-01-17,AZ,Azerbaijan,EURO,3132,226549,114,2983
2021-01-24,AZ,Azerbaijan,EURO,1977,228526,81,3064
2021-01-31,AZ,Azerbaijan,EURO,1409,229935,55,3119
2021-02-07,AZ,Azerbaijan,EURO,972,230907,34,3153
2021-02-14,AZ,Azerbaijan,EURO,933,231840,20,3173
2021-02-21,AZ,Azerbaijan,EURO,989,232829,20,3193
2021-02-28,AZ,Azerbaijan,EURO,1160,233989,20,3213
2021-03-07,AZ,Azerbaijan,EURO,2376,236365,25,3238
2021-03-14,AZ,Azerbaijan,EURO,3327,239692,38,3276
2021-03-21,AZ,Azerbaijan,EURO,5798,245490,63,3339
2021-03-28,AZ,Azerbaijan,EURO,8880,254370,125,3464
2021-04-04,AZ,Azerbaijan,EURO,14344,268714,184,3648
2021-04-11,AZ,Azerbaijan,EURO,14865,283579,231,3879
2021-04-18,AZ,Azerbaijan,EURO,14943,298522,228,4107
2021-04-25,AZ,Azerbaijan,EURO,12943,311465,235,4342
2021-05-02,AZ,Azerbaijan,EURO,8857,320322,196,4538
2021-05-09,AZ,Azerbaijan,EURO,5734,326056,128,4666
2021-05-16,AZ,Azerbaijan,EURO,3315,329371,102,4768
2021-05-23,AZ,Azerbaijan,EURO,2864,332235,83,4851
2021-05-30,AZ,Azerbaijan,EURO,1488,333723,52,4903
2021-06-06,AZ,Azerbaijan,EURO,924,334647,33,4936
2021-06-13,AZ,Azerbaijan,EURO,479,335126,17,4953
2021-06-20,AZ,Azerbaijan,EURO,311,335437,8,4961
2021-06-27,AZ,Azerbaijan,EURO,359,335796,6,4967
2021-07-04,AZ,Azerbaijan,EURO,522,336318,10,4977
2021-07-11,AZ,Azerbaijan,EURO,780,337098,7,4984
2021-07-18,AZ,Azerbaijan,EURO,1085,338183,7,4991
2021-07-25,AZ,Azerbaijan,EURO,1874,340057,11,5002
2021-08-01,AZ,Azerbaijan,EURO,3792,343849,21,5023
2021-08-08,AZ,Azerbaijan,EURO,6756,350605,33,5056
2021-08-15,AZ,Azerbaijan,EURO,14404,365009,82,5138
2021-08-22,AZ,Azerbaijan,EURO,23428,388437,141,5279
2021-08-29,AZ,Azerbaijan,EURO,25549,413986,233,5512
2021-09-05,AZ,Azerbaijan,EURO,25576,439562,288,5800
2021-09-12,AZ,Azerbaijan,EURO,15482,455044,231,6031
2021-09-19,AZ,Azerbaijan,EURO,15941,470985,249,6280
2021-09-26,AZ,Azerbaijan,EURO,8829,479814,153,6433
2021-10-03,AZ,Azerbaijan,EURO,5461,485275,126,6559
2021-10-10,AZ,Azerbaijan,EURO,5872,491147,95,6654
2021-10-17,AZ,Azerbaijan,EURO,9164,500311,92,6746
2021-10-24,AZ,Azerbaijan,EURO,13978,514289,123,6869
2021-10-31,AZ,Azerbaijan,EURO,14820,529109,180,7049
2021-11-07,AZ,Azerbaijan,EURO,15541,544650,192,7241
2021-11-14,AZ,Azerbaijan,EURO,13781,558431,175,7416
2021-11-21,AZ,Azerbaijan,EURO,13654,572085,183,7599
2021-11-28,AZ,Azerbaijan,EURO,12036,584121,190,7789
2021-12-05,AZ,Azerbaijan,EURO,10873,594994,158,7947
2021-12-12,AZ,Azerbaijan,EURO,8369,603363,123,8070
2021-12-19,AZ,Azerbaijan,EURO,6034,609397,112,8182
2021-12-26,AZ,Azerbaijan,EURO,4722,614119,102,8284
2022-01-02,AZ,Azerbaijan,EURO,3192,617311,81,8365
2022-01-09,AZ,Azerbaijan,EURO,3368,620679,72,8437
2022-01-16,AZ,Azerbaijan,EURO,4239,624918,73,8510
2022-01-23,AZ,Azerbaijan,EURO,7116,632034,87,8597
2022-01-30,AZ,Azerbaijan,EURO,19307,651341,103,8700
2022-02-06,AZ,Azerbaijan,EURO,39839,691180,146,8846
2022-02-13,AZ,Azerbaijan,EURO,47148,738328,181,9027
2022-02-20,AZ,Azerbaijan,EURO,33381,771709,184,9211
2022-02-27,AZ,Azerbaijan,EURO,12551,784260,167,9378
2022-03-06,AZ,Azerbaijan,EURO,4698,788958,122,9500
2022-03-13,AZ,Azerbaijan,EURO,1617,790575,99,9599
2022-03-20,AZ,Azerbaijan,EURO,829,791404,52,9651
2022-03-27,AZ,Azerbaijan,EURO,291,791695,28,9679
2022-04-03,AZ,Azerbaijan,EURO,324,792019,18,9697
2022-04-10,AZ,Azerbaijan,EURO,197,792216,6,9703
2022-04-17,AZ,Azerbaijan,EURO,133,792349,2,9705
2022-04-24,AZ,Azerbaijan,EURO,127,792476,2,9707
2022-05-01,AZ,Azerbaijan,EURO,86,792562,2,9709
2022-05-08,AZ,Azerbaijan,EURO,56,792618,0,9709
2022-05-15,AZ,Azerbaijan,EURO,50,792668,0,9709
2022-05-22,AZ,Azerbaijan,EURO,40,792708,1,9710
2022-05-29,AZ,Azerbaijan,EURO,49,792757,2,9712
2022-06-05,AZ,Azerbaijan,EURO,47,792804,1,9713
2022-06-12,AZ,Azerbaijan,EURO,66,792870,2,9715
2022-06-19,AZ,Azerbaijan,EURO,115,792985,1,9716
2022-06-26,AZ,Azerbaijan,EURO,155,793140,1,9717
2022-07-03,AZ,Azerbaijan,EURO,195,793335,0,9717
2022-07-10,AZ,Azerbaijan,EURO,360,793695,2,9719
2022-07-17,AZ,Azerbaijan,EURO,703,794398,4,9723
2022-07-24,AZ,Azerbaijan,EURO,1743,796141,12,9735
2022-07-31,AZ,Azerbaijan,EURO,2263,798404,12,9747
2022-08-07,AZ,Azerbaijan,EURO,3066,801470,13,9760
2022-08-14,AZ,Azerbaijan,EURO,3115,804585,13,9773
2022-08-21,AZ,Azerbaijan,EURO,3399,807984,11,9784
2022-08-28,AZ,Azerbaijan,EURO,3575,811559,21,9805
2022-09-04,AZ,Azerbaijan,EURO,3488,815047,17,9822
2022-09-11,AZ,Azerbaijan,EURO,2549,817596,30,9852
2022-09-18,AZ,Azerbaijan,EURO,1742,819338,32,9884
2022-09-25,AZ,Azerbaijan,EURO,1324,820662,19,9903
2022-10-02,AZ,Azerbaijan,EURO,870,821532,16,9919
2022-10-09,AZ,Azerbaijan,EURO,572,822104,8,9927
2022-10-16,AZ,Azerbaijan,EURO,434,822538,4,9931
2022-10-23,AZ,Azerbaijan,EURO,370,822908,6,9937
2022-10-30,AZ,Azerbaijan,EURO,294,823202,7,9944
2022-11-06,AZ,Azerbaijan,EURO,294,823496,11,9955
2022-11-13,AZ,Azerbaijan,EURO,192,823688,6,9961
2022-11-20,AZ,Azerbaijan,EURO,235,823923,11,9972
2022-11-27,AZ,Azerbaijan,EURO,270,824193,4,9976
2022-12-04,AZ,Azerbaijan,EURO,259,824452,7,9983
2022-12-11,AZ,Azerbaijan,EURO,350,824802,3,9986
2022-12-18,AZ,Azerbaijan,EURO,535,825337,7,9993
2022-12-25,AZ,Azerbaijan,EURO,556,825893,13,10006
2023-01-01,AZ,Azerbaijan,EURO,508,826401,2,10008
2023-01-08,AZ,Azerbaijan,EURO,402,826803,9,10017
2023-01-15,AZ,Azerbaijan,EURO,497,827300,28,10045
2023-01-22,AZ,Azerbaijan,EURO,338,827638,23,10068
2023-01-29,AZ,Azerbaijan,EURO,242,827880,13,10081
2023-02-05,AZ,Azerbaijan,EURO,184,828064,14,10095
2023-02-12,AZ,Azerbaijan,EURO,146,828210,3,10098
2023-02-19,AZ,Azerbaijan,EURO,128,828338,5,10103
2023-02-26,AZ,Azerbaijan,EURO,154,828492,13,10116
2023-03-05,AZ,Azerbaijan,EURO,190,828682,11,10127
2023-03-12,AZ,Azerbaijan,EURO,224,828906,16,10143
2023-03-19,AZ,Azerbaijan,EURO,311,829217,10,10153
2023-03-26,AZ,Azerbaijan,EURO,128,829345,7,10160
2023-04-02,AZ,Azerbaijan,EURO,454,829799,24,10184
2023-04-09,AZ,Azerbaijan,EURO,502,830301,13,10197
2023-04-16,AZ,Azerbaijan,EURO,479,830780,15,10212
2023-04-23,AZ,Azerbaijan,EURO,315,831095,10,10222
2023-04-30,AZ,Azerbaijan,EURO,259,831354,19,10241
2023-05-07,AZ,Azerbaijan,EURO,186,831540,16,10257
2023-05-14,AZ,Azerbaijan,EURO,108,831648,11,10268
2023-05-21,AZ,Azerbaijan,EURO,79,831727,4,10272
2023-05-28,AZ,Azerbaijan,EURO,85,831812,1,10273
2023-06-04,AZ,Azerbaijan,EURO,47,831859,4,10277
2023-06-11,AZ,Azerbaijan,EURO,19,831878,3,10280
2023-06-18,AZ,Azerbaijan,EURO,12,831890,1,10281
2023-06-25,AZ,Azerbaijan,EURO,6,831896,0,10281
2023-07-02,AZ,Azerbaijan,EURO,42,831938,1,10282
2023-07-09,AZ,Azerbaijan,EURO,12,831950,1,10283
2023-07-16,AZ,Azerbaijan,EURO,12,831962,2,10285
2023-07-23,AZ,Azerbaijan,EURO,21,831983,3,10288
2023-07-30,AZ,Azerbaijan,EURO,21,832004,1,10289
2023-08-06,AZ,Azerbaijan,EURO,17,832021,1,10290
2023-08-13,AZ,Azerbaijan,EURO,15,832036,3,10293
2023-08-20,AZ,Azerbaijan,EURO,8,832044,2,10295
2023-08-27,AZ,Azerbaijan,EURO,27,832071,0,10295
2023-09-03,AZ,Azerbaijan,EURO,241,832312,7,10302
2023-09-10,AZ,Azerbaijan,EURO,126,832438,0,10302
2023-09-17,AZ,Azerbaijan,EURO,142,832580,0,10302
2023-09-24,AZ,Azerbaijan,EURO,229,832809,19,10321
2023-10-01,AZ,Azerbaijan,EURO,380,833189,11,10332
2023-10-08,AZ,Azerbaijan,EURO,361,833550,5,10337
2023-10-15,AZ,Azerbaijan,EURO,249,833799,10,10347
2023-10-22,AZ,Azerbaijan,EURO,156,833955,6,10353
2023-10-29,AZ,Azerbaijan,EURO,0,833955,0,10353
2023-11-05,AZ,Azerbaijan,EURO,43,833998,0,10353
2023-11-12,AZ,Azerbaijan,EURO,19,834017,0,10353
2023-11-19,AZ,Azerbaijan,EURO,21,834038,0,10353
2023-11-26,AZ,Azerbaijan,EURO,12,834050,0,10353
2023-12-03,AZ,Azerbaijan,EURO,20,834070,0,10353
2023-12-10,AZ,Azerbaijan,EURO,95,834165,0,10353
2023-12-17,AZ,Azerbaijan,EURO,18,834183,0,10353
2023-12-24,AZ,Azerbaijan,EURO,0,834183,0,10353
2023-12-31,AZ,Azerbaijan,EURO,0,834183,0,10353
2020-01-05,BS,Bahamas,AMRO,0,0,0,0
2020-01-12,BS,Bahamas,AMRO,0,0,0,0
2020-01-19,BS,Bahamas,AMRO,0,0,0,0
2020-01-26,BS,Bahamas,AMRO,0,0,0,0
2020-02-02,BS,Bahamas,AMRO,0,0,0,0
2020-02-09,BS,Bahamas,AMRO,0,0,0,0
2020-02-16,BS,Bahamas,AMRO,0,0,0,0
2020-02-23,BS,Bahamas,AMRO,0,0,0,0
2020-03-01,BS,Bahamas,AMRO,0,0,0,0
2020-03-08,BS,Bahamas,AMRO,0,0,0,0
2020-03-15,BS,Bahamas,AMRO,0,0,0,0
2020-03-22,BS,Bahamas,AMRO,4,4,0,0
2020-03-29,BS,Bahamas,AMRO,5,9,0,0
2020-04-05,BS,Bahamas,AMRO,15,24,3,3
2020-04-12,BS,Bahamas,AMRO,18,42,5,8
2020-04-19,BS,Bahamas,AMRO,12,54,1,9
2020-04-26,BS,Bahamas,AMRO,18,72,2,11
2020-05-03,BS,Bahamas,AMRO,10,82,0,11
2020-05-10,BS,Bahamas,AMRO,10,92,0,11
2020-05-17,BS,Bahamas,AMRO,4,96,0,11
2020-05-24,BS,Bahamas,AMRO,1,97,0,11
2020-05-31,BS,Bahamas,AMRO,4,101,0,11
2020-06-07,BS,Bahamas,AMRO,2,103,0,11
2020-06-14,BS,Bahamas,AMRO,0,103,0,11
2020-06-21,BS,Bahamas,AMRO,1,104,0,11
2020-06-28,BS,Bahamas,AMRO,0,104,0,11
2020-07-05,BS,Bahamas,AMRO,0,104,0,11
2020-07-12,BS,Bahamas,AMRO,4,108,0,11
2020-07-19,BS,Bahamas,AMRO,21,129,0,11
2020-07-26,BS,Bahamas,AMRO,187,316,0,11
2020-08-02,BS,Bahamas,AMRO,192,508,3,14
2020-08-09,BS,Bahamas,AMRO,322,830,0,14
2020-08-16,BS,Bahamas,AMRO,289,1119,3,17
2020-08-23,BS,Bahamas,AMRO,584,1703,10,27
2020-08-30,BS,Bahamas,AMRO,354,2057,13,40
2020-09-06,BS,Bahamas,AMRO,419,2476,15,55
2020-09-13,BS,Bahamas,AMRO,398,2874,12,67
2020-09-20,BS,Bahamas,AMRO,303,3177,2,69
2020-09-27,BS,Bahamas,AMRO,613,3790,20,89
2020-10-04,BS,Bahamas,AMRO,542,4332,7,96
2020-10-11,BS,Bahamas,AMRO,623,4955,10,106
2020-10-18,BS,Bahamas,AMRO,673,5628,10,116
2020-10-25,BS,Bahamas,AMRO,724,6352,16,132
2020-11-01,BS,Bahamas,AMRO,362,6714,12,144
2020-11-08,BS,Bahamas,AMRO,233,6947,8,152
2020-11-15,BS,Bahamas,AMRO,216,7163,3,155
2020-11-22,BS,Bahamas,AMRO,232,7395,8,163
2020-11-29,BS,Bahamas,AMRO,101,7496,0,163
2020-12-06,BS,Bahamas,AMRO,74,7570,0,163
2020-12-13,BS,Bahamas,AMRO,89,7659,0,163
2020-12-20,BS,Bahamas,AMRO,74,7733,1,164
2020-12-27,BS,Bahamas,AMRO,55,7788,5,169
2021-01-03,BS,Bahamas,AMRO,111,7899,2,171
2021-01-10,BS,Bahamas,AMRO,78,7977,4,175
2021-01-17,BS,Bahamas,AMRO,62,8039,0,175
2021-01-24,BS,Bahamas,AMRO,71,8110,0,175
2021-01-31,BS,Bahamas,AMRO,73,8183,1,176
2021-02-07,BS,Bahamas,AMRO,87,8270,0,176
2021-02-14,BS,Bahamas,AMRO,89,8359,3,179
2021-02-21,BS,Bahamas,AMRO,94,8453,0,179
2021-02-28,BS,Bahamas,AMRO,89,8542,1,180
2021-03-07,BS,Bahamas,AMRO,74,8616,2,182
2021-03-14,BS,Bahamas,AMRO,106,8722,3,185
2021-03-21,BS,Bahamas,AMRO,162,8884,1,186
2021-03-28,BS,Bahamas,AMRO,150,9034,2,188
2021-04-04,BS,Bahamas,AMRO,200,9234,1,189
2021-04-11,BS,Bahamas,AMRO,183,9417,0,189
2021-04-18,BS,Bahamas,AMRO,279,9696,5,194
2021-04-25,BS,Bahamas,AMRO,354,10050,2,196
2021-05-02,BS,Bahamas,AMRO,469,10519,3,199
2021-05-09,BS,Bahamas,AMRO,311,10830,13,212
2021-05-16,BS,Bahamas,AMRO,304,11134,6,218
2021-05-23,BS,Bahamas,AMRO,365,11499,7,225
2021-05-30,BS,Bahamas,AMRO,261,11760,5,230
2021-06-06,BS,Bahamas,AMRO,227,11987,2,232
2021-06-13,BS,Bahamas,AMRO,172,12159,5,237
2021-06-20,BS,Bahamas,AMRO,168,12327,6,243
2021-06-27,BS,Bahamas,AMRO,177,12504,2,245
2021-07-04,BS,Bahamas,AMRO,337,12841,5,250
2021-07-11,BS,Bahamas,AMRO,273,13114,4,254
2021-07-18,BS,Bahamas,AMRO,352,13466,19,273
2021-07-25,BS,Bahamas,AMRO,591,14057,9,282
2021-08-01,BS,Bahamas,AMRO,783,14840,5,287
2021-08-08,BS,Bahamas,AMRO,697,15537,17,304
2021-08-15,BS,Bahamas,AMRO,893,16430,9,313
2021-08-22,BS,Bahamas,AMRO,848,17278,20,333
2021-08-29,BS,Bahamas,AMRO,753,18031,21,354
2021-09-05,BS,Bahamas,AMRO,735,18766,70,424
2021-09-12,BS,Bahamas,AMRO,674,19440,30,454
2021-09-19,BS,Bahamas,AMRO,675,20115,52,506
2021-09-26,BS,Bahamas,AMRO,590,20705,16,522
2021-10-03,BS,Bahamas,AMRO,560,21265,33,555
2021-10-10,BS,Bahamas,AMRO,361,21626,39,594
2021-10-17,BS,Bahamas,AMRO,328,21954,32,626
2021-10-24,BS,Bahamas,AMRO,273,22227,16,642
2021-10-31,BS,Bahamas,AMRO,169,22396,1,643
2021-11-07,BS,Bahamas,AMRO,117,22513,18,661
2021-11-14,BS,Bahamas,AMRO,59,22572,4,665
2021-11-21,BS,Bahamas,AMRO,86,22658,6,671
2021-11-28,BS,Bahamas,AMRO,93,22751,0,671
2021-12-05,BS,Bahamas,AMRO,76,22827,30,701
2021-12-12,BS,Bahamas,AMRO,69,22896,7,708
2021-12-19,BS,Bahamas,AMRO,175,23071,5,713
2021-12-26,BS,Bahamas,AMRO,559,23630,0,713
2022-01-02,BS,Bahamas,AMRO,1655,25285,4,717
2022-01-09,BS,Bahamas,AMRO,1837,27122,0,717
2022-01-16,BS,Bahamas,AMRO,3132,30254,2,719
2022-01-23,BS,Bahamas,AMRO,1661,31915,7,726
2022-01-30,BS,Bahamas,AMRO,571,32486,19,745
2022-02-06,BS,Bahamas,AMRO,194,32680,3,748
2022-02-13,BS,Bahamas,AMRO,245,32925,9,757
2022-02-20,BS,Bahamas,AMRO,116,33041,13,770
2022-02-27,BS,Bahamas,AMRO,80,33121,1,771
2022-03-06,BS,Bahamas,AMRO,50,33171,0,771
2022-03-13,BS,Bahamas,AMRO,23,33194,0,771
2022-03-20,BS,Bahamas,AMRO,25,33219,16,787
2022-03-27,BS,Bahamas,AMRO,35,33254,1,788
2022-04-03,BS,Bahamas,AMRO,41,33295,0,788
2022-04-10,BS,Bahamas,AMRO,51,33346,1,789
2022-04-17,BS,Bahamas,AMRO,45,33391,0,789
2022-04-24,BS,Bahamas,AMRO,72,33463,0,789
2022-05-01,BS,Bahamas,AMRO,95,33558,9,798
2022-05-08,BS,Bahamas,AMRO,137,33695,0,798
2022-05-15,BS,Bahamas,AMRO,176,33871,3,801
2022-05-22,BS,Bahamas,AMRO,341,34212,9,810
2022-05-29,BS,Bahamas,AMRO,414,34626,0,810
2022-06-05,BS,Bahamas,AMRO,384,35010,0,810
2022-06-12,BS,Bahamas,AMRO,276,35286,2,812
2022-06-19,BS,Bahamas,AMRO,317,35603,3,815
2022-06-26,BS,Bahamas,AMRO,211,35814,1,816
2022-07-03,BS,Bahamas,AMRO,215,36029,2,818
2022-07-10,BS,Bahamas,AMRO,216,36245,4,822
2022-07-17,BS,Bahamas,AMRO,181,36426,0,822
2022-07-24,BS,Bahamas,AMRO,142,36568,0,822
2022-07-31,BS,Bahamas,AMRO,148,36716,0,822
2022-08-07,BS,Bahamas,AMRO,96,36812,0,822
2022-08-14,BS,Bahamas,AMRO,93,36905,1,823
2022-08-21,BS,Bahamas,AMRO,78,36983,0,823
2022-08-28,BS,Bahamas,AMRO,69,37052,0,823
2022-09-04,BS,Bahamas,AMRO,46,37098,0,823
2022-09-11,BS,Bahamas,AMRO,48,37146,7,830
2022-09-18,BS,Bahamas,AMRO,57,37203,3,833
2022-09-25,BS,Bahamas,AMRO,64,37267,0,833
2022-10-02,BS,Bahamas,AMRO,42,37309,0,833
2022-10-09,BS,Bahamas,AMRO,9,37318,0,833
2022-10-16,BS,Bahamas,AMRO,16,37334,0,833
2022-10-23,BS,Bahamas,AMRO,30,37364,0,833
2022-10-30,BS,Bahamas,AMRO,22,37386,0,833
2022-11-06,BS,Bahamas,AMRO,33,37419,0,833
2022-11-13,BS,Bahamas,AMRO,16,37435,0,833
2022-11-20,BS,Bahamas,AMRO,18,37453,0,833
2022-11-27,BS,Bahamas,AMRO,23,37476,0,833
2022-12-04,BS,Bahamas,AMRO,15,37491,0,833
2022-12-11,BS,Bahamas,AMRO,0,37491,0,833
2022-12-18,BS,Bahamas,AMRO,0,37491,0,833
2022-12-25,BS,Bahamas,AMRO,0,37491,0,833
2023-01-01,BS,Bahamas,AMRO,0,37491,0,833
2023-01-08,BS,Bahamas,AMRO,0,37491,0,833
2023-01-15,BS,Bahamas,AMRO,0,37491,0,833
2023-01-22,BS,Bahamas,AMRO,0,37491,0,833
2023-01-29,BS,Bahamas,AMRO,0,37491,0,833
2023-02-05,BS,Bahamas,AMRO,0,37491,0,833
2023-02-12,BS,Bahamas,AMRO,0,37491,0,833
2023-02-19,BS,Bahamas,AMRO,0,37491,0,833
2023-02-26,BS,Bahamas,AMRO,0,37491,0,833
2023-03-05,BS,Bahamas,AMRO,0,37491,0,833
2023-03-12,BS,Bahamas,AMRO,0,37491,0,833
2023-03-19,BS,Bahamas,AMRO,0,37491,0,833
2023-03-26,BS,Bahamas,AMRO,0,37491,0,833
2023-04-02,BS,Bahamas,AMRO,0,37491,0,833
2023-04-09,BS,Bahamas,AMRO,0,37491,0,833
2023-04-16,BS,Bahamas,AMRO,512,38003,11,844
2023-04-23,BS,Bahamas,AMRO,81,38084,0,844
2023-04-30,BS,Bahamas,AMRO,0,38084,0,844
2023-05-07,BS,Bahamas,AMRO,0,38084,0,844
2023-05-14,BS,Bahamas,AMRO,0,38084,0,844
2023-05-21,BS,Bahamas,AMRO,0,38084,0,844
2023-05-28,BS,Bahamas,AMRO,0,38084,0,844
2023-06-04,BS,Bahamas,AMRO,0,38084,0,844
2023-06-11,BS,Bahamas,AMRO,0,38084,0,844
2023-06-18,BS,Bahamas,AMRO,0,38084,0,844
2023-06-25,BS,Bahamas,AMRO,0,38084,0,844
2023-07-02,BS,Bahamas,AMRO,0,38084,0,844
2023-07-09,BS,Bahamas,AMRO,0,38084,0,844
2023-07-16,BS,Bahamas,AMRO,0,38084,0,844
2023-07-23,BS,Bahamas,AMRO,0,38084,0,844
2023-07-30,BS,Bahamas,AMRO,0,38084,0,844
2023-08-06,BS,Bahamas,AMRO,0,38084,0,844
2023-08-13,BS,Bahamas,AMRO,0,38084,0,844
2023-08-20,BS,Bahamas,AMRO,0,38084,0,844
2023-08-27,BS,Bahamas,AMRO,0,38084,0,844
2023-09-03,BS,Bahamas,AMRO,0,38084,0,844
2023-09-10,BS,Bahamas,AMRO,0,38084,0,844
2023-09-17,BS,Bahamas,AMRO,0,38084,0,844
2023-09-24,BS,Bahamas,AMRO,0,38084,0,844
2023-10-01,BS,Bahamas,AMRO,0,38084,0,844
2023-10-08,BS,Bahamas,AMRO,0,38084,0,844
2023-10-15,BS,Bahamas,AMRO,0,38084,0,844
2023-10-22,BS,Bahamas,AMRO,0,38084,0,844
2023-10-29,BS,Bahamas,AMRO,0,38084,0,844
2023-11-05,BS,Bahamas,AMRO,0,38084,0,844
2023-11-12,BS,Bahamas,AMRO,0,38084,0,844
2023-11-19,BS,Bahamas,AMRO,0,38084,0,844
2023-11-26,BS,Bahamas,AMRO,0,38084,0,844
2023-12-03,BS,Bahamas,AMRO,0,38084,0,844
2023-12-10,BS,Bahamas,AMRO,0,38084,0,844
2023-12-17,BS,Bahamas,AMRO,0,38084,0,844
2023-12-24,BS,Bahamas,AMRO,0,38084,0,844
2023-12-31,BS,Bahamas,AMRO,0,38084,0,844
2020-01-05,BH,Bahrain,EMRO,0,0,0,0
2020-01-12,BH,Bahrain,EMRO,0,0,0,0
2020-01-19,BH,Bahrain,EMRO,0,0,0,0
2020-01-26,BH,Bahrain,EMRO,0,0,0,0
2020-02-02,BH,Bahrain,EMRO,0,0,0,0
2020-02-09,BH,Bahrain,EMRO,0,0,0,0
2020-02-16,BH,Bahrain,EMRO,0,0,0,0
2020-02-23,BH,Bahrain,EMRO,0,0,0,0
2020-03-01,BH,Bahrain,EMRO,41,41,0,0
2020-03-08,BH,Bahrain,EMRO,22,63,0,0
2020-03-15,BH,Bahrain,EMRO,148,211,0,0
2020-03-22,BH,Bahrain,EMRO,100,311,1,1
2020-03-29,BH,Bahrain,EMRO,165,476,3,4
2020-04-05,BH,Bahrain,EMRO,212,688,0,4
2020-04-12,BH,Bahrain,EMRO,352,1040,2,6
2020-04-19,BH,Bahrain,EMRO,733,1773,1,7
2020-04-26,BH,Bahrain,EMRO,816,2589,1,8
2020-05-03,BH,Bahrain,EMRO,695,3284,0,8
2020-05-10,BH,Bahrain,EMRO,1490,4774,0,8
2020-05-17,BH,Bahrain,EMRO,1973,6747,4,12
2020-05-24,BH,Bahrain,EMRO,2055,8802,1,13
2020-05-31,BH,Bahrain,EMRO,1991,10793,4,17
2020-06-07,BH,Bahrain,EMRO,3590,14383,7,24
2020-06-14,BH,Bahrain,EMRO,3844,18227,15,39
2020-06-21,BH,Bahrain,EMRO,3104,21331,21,60
2020-06-28,BH,Bahrain,EMRO,3936,25267,18,78
2020-07-05,BH,Bahrain,EMRO,3590,28857,18,96
2020-07-12,BH,Bahrain,EMRO,3613,32470,8,104
2020-07-19,BH,Bahrain,EMRO,3534,36004,20,124
2020-07-26,BH,Bahrain,EMRO,2743,38747,13,137
2020-08-02,BH,Bahrain,EMRO,2443,41190,10,147
2020-08-09,BH,Bahrain,EMRO,2439,43629,14,161
2020-08-16,BH,Bahrain,EMRO,2801,46430,9,170
2020-08-23,BH,Bahrain,EMRO,2608,49038,13,183
2020-08-30,BH,Bahrain,EMRO,2353,51391,6,189
2020-09-06,BH,Bahrain,EMRO,3380,54771,7,196
2020-09-13,BH,Bahrain,EMRO,4815,59586,16,212
2020-09-20,BH,Bahrain,EMRO,4913,64499,9,221
2020-09-27,BH,Bahrain,EMRO,4276,68775,18,239
2020-10-04,BH,Bahrain,EMRO,3535,72310,19,258
2020-10-11,BH,Bahrain,EMRO,2977,75287,15,273
2020-10-18,BH,Bahrain,EMRO,2284,77571,20,293
2020-10-25,BH,Bahrain,EMRO,2404,79975,19,312
2020-11-01,BH,Bahrain,EMRO,1670,81645,9,321
2020-11-08,BH,Bahrain,EMRO,1619,83264,8,329
2020-11-15,BH,Bahrain,EMRO,1259,84523,4,333
2020-11-22,BH,Bahrain,EMRO,1068,85591,5,338
2020-11-29,BH,Bahrain,EMRO,1054,86645,3,341
2020-12-06,BH,Bahrain,EMRO,1087,87732,0,341
2020-12-13,BH,Bahrain,EMRO,1233,88965,7,348
2020-12-20,BH,Bahrain,EMRO,1097,90062,1,349
2020-12-27,BH,Bahrain,EMRO,1456,91518,2,351
2021-01-03,BH,Bahrain,EMRO,1666,93184,1,352
2021-01-10,BH,Bahrain,EMRO,2133,95317,3,355
2021-01-17,BH,Bahrain,EMRO,1951,97268,3,358
2021-01-24,BH,Bahrain,EMRO,2188,99456,9,367
2021-01-31,BH,Bahrain,EMRO,3170,102626,5,372
2021-02-07,BH,Bahrain,EMRO,4087,106713,7,379
2021-02-14,BH,Bahrain,EMRO,5389,112102,19,398
2021-02-21,BH,Bahrain,EMRO,5132,117234,22,420
2021-02-28,BH,Bahrain,EMRO,4544,121778,24,444
2021-03-07,BH,Bahrain,EMRO,4348,126126,25,469
2021-03-14,BH,Bahrain,EMRO,4278,130404,12,481
2021-03-21,BH,Bahrain,EMRO,4922,135326,17,498
2021-03-28,BH,Bahrain,EMRO,5492,140818,15,513
2021-04-04,BH,Bahrain,EMRO,6952,147770,18,531
2021-04-11,BH,Bahrain,EMRO,7632,155402,23,554
2021-04-18,BH,Bahrain,EMRO,7711,163113,34,588
2021-04-25,BH,Bahrain,EMRO,7222,170335,32,620
2021-05-02,BH,Bahrain,EMRO,7662,177997,28,648
2021-05-09,BH,Bahrain,EMRO,9908,187905,30,678
2021-05-16,BH,Bahrain,EMRO,11188,199093,59,737
2021-05-23,BH,Bahrain,EMRO,15777,214870,72,809
2021-05-30,BH,Bahrain,EMRO,20829,235699,130,939
2021-06-06,BH,Bahrain,EMRO,13883,249582,152,1091
2021-06-13,BH,Bahrain,EMRO,8270,257852,115,1206
2021-06-20,BH,Bahrain,EMRO,4575,262427,91,1297
2021-06-27,BH,Bahrain,EMRO,2568,264995,44,1341
2021-07-04,BH,Bahrain,EMRO,1291,266286,17,1358
2021-07-11,BH,Bahrain,EMRO,826,267112,18,1376
2021-07-18,BH,Bahrain,EMRO,684,267796,4,1380
2021-07-25,BH,Bahrain,EMRO,617,268413,2,1382
2021-08-01,BH,Bahrain,EMRO,773,269186,2,1384
2021-08-08,BH,Bahrain,EMRO,763,269949,0,1384
2021-08-15,BH,Bahrain,EMRO,867,270816,0,1384
2021-08-22,BH,Bahrain,EMRO,718,271534,2,1386
2021-08-29,BH,Bahrain,EMRO,712,272246,2,1388
2021-09-05,BH,Bahrain,EMRO,670,272916,0,1388
2021-09-12,BH,Bahrain,EMRO,706,273622,0,1388
2021-09-19,BH,Bahrain,EMRO,557,274179,0,1388
2021-09-26,BH,Bahrain,EMRO,566,274745,1,1389
2021-10-03,BH,Bahrain,EMRO,430,275175,0,1389
2021-10-10,BH,Bahrain,EMRO,422,275597,1,1390
2021-10-17,BH,Bahrain,EMRO,433,276030,1,1391
2021-10-24,BH,Bahrain,EMRO,496,276526,2,1393
2021-10-31,BH,Bahrain,EMRO,268,276794,0,1393
2021-11-07,BH,Bahrain,EMRO,247,277041,0,1393
2021-11-14,BH,Bahrain,EMRO,160,277201,0,1393
2021-11-21,BH,Bahrain,EMRO,147,277348,1,1394
2021-11-28,BH,Bahrain,EMRO,204,277552,0,1394
2021-12-05,BH,Bahrain,EMRO,251,277803,0,1394
2021-12-12,BH,Bahrain,EMRO,234,278037,0,1394
2021-12-19,BH,Bahrain,EMRO,373,278410,0,1394
2021-12-26,BH,Bahrain,EMRO,1108,279518,0,1394
2022-01-02,BH,Bahrain,EMRO,3159,282677,0,1394
2022-01-09,BH,Bahrain,EMRO,8201,290878,3,1397
2022-01-16,BH,Bahrain,EMRO,14536,305414,1,1398
2022-01-23,BH,Bahrain,EMRO,22052,327466,1,1399
2022-01-30,BH,Bahrain,EMRO,34556,362022,5,1404
2022-02-06,BH,Bahrain,EMRO,51350,413372,7,1411
2022-02-13,BH,Bahrain,EMRO,45167,458539,14,1425
2022-02-20,BH,Bahrain,EMRO,29884,488423,12,1437
2022-02-27,BH,Bahrain,EMRO,20967,509390,13,1450
2022-03-06,BH,Bahrain,EMRO,15781,525171,8,1458
2022-03-13,BH,Bahrain,EMRO,11070,536241,4,1462
2022-03-20,BH,Bahrain,EMRO,7594,543835,3,1465
2022-03-27,BH,Bahrain,EMRO,6527,550362,3,1468
2022-04-03,BH,Bahrain,EMRO,5198,555560,3,1471
2022-04-10,BH,Bahrain,EMRO,3871,559431,1,1472
2022-04-17,BH,Bahrain,EMRO,3328,562759,1,1473
2022-04-24,BH,Bahrain,EMRO,3071,565830,2,1475
2022-05-01,BH,Bahrain,EMRO,2876,568706,0,1475
2022-05-08,BH,Bahrain,EMRO,3376,572082,2,1477
2022-05-15,BH,Bahrain,EMRO,4915,576997,2,1479
2022-05-22,BH,Bahrain,EMRO,3800,580797,1,1480
2022-05-29,BH,Bahrain,EMRO,3187,583984,7,1487
2022-06-05,BH,Bahrain,EMRO,4086,588070,1,1488
2022-06-12,BH,Bahrain,EMRO,6551,594621,1,1489
2022-06-19,BH,Bahrain,EMRO,9227,603848,2,1491
2022-06-26,BH,Bahrain,EMRO,12740,616588,1,1492
2022-07-03,BH,Bahrain,EMRO,12155,628743,2,1494
2022-07-10,BH,Bahrain,EMRO,9732,638475,4,1498
2022-07-17,BH,Bahrain,EMRO,9460,647935,7,1505
2022-07-24,BH,Bahrain,EMRO,6938,654873,1,1506
2022-07-31,BH,Bahrain,EMRO,4351,659224,3,1509
2022-08-07,BH,Bahrain,EMRO,3182,662406,2,1511
2022-08-14,BH,Bahrain,EMRO,3967,666373,1,1512
2022-08-21,BH,Bahrain,EMRO,3019,669392,1,1513
2022-08-28,BH,Bahrain,EMRO,1462,670854,0,1513
2022-09-04,BH,Bahrain,EMRO,1391,672245,2,1515
2022-09-11,BH,Bahrain,EMRO,1448,673693,3,1518
2022-09-18,BH,Bahrain,EMRO,2048,675741,2,1520
2022-09-25,BH,Bahrain,EMRO,2539,678280,0,1520
2022-10-02,BH,Bahrain,EMRO,2525,680805,0,1520
2022-10-09,BH,Bahrain,EMRO,2437,683242,0,1520
2022-10-16,BH,Bahrain,EMRO,2027,685269,1,1521
2022-10-23,BH,Bahrain,EMRO,2084,687353,3,1524
2022-10-30,BH,Bahrain,EMRO,2127,689480,3,1527
2022-11-06,BH,Bahrain,EMRO,2029,691509,2,1529
2022-11-13,BH,Bahrain,EMRO,1752,693261,2,1531
2022-11-20,BH,Bahrain,EMRO,1479,694740,2,1533
2022-11-27,BH,Bahrain,EMRO,1026,695766,3,1536
2022-12-04,BH,Bahrain,EMRO,848,696614,0,1536
2022-12-11,BH,Bahrain,EMRO,0,696614,0,1536
2022-12-18,BH,Bahrain,EMRO,0,696614,0,1536
2022-12-25,BH,Bahrain,EMRO,0,696614,0,1536
2023-01-01,BH,Bahrain,EMRO,0,696614,0,1536
2023-01-08,BH,Bahrain,EMRO,0,696614,0,1536
2023-01-15,BH,Bahrain,EMRO,0,696614,0,1536
2023-01-22,BH,Bahrain,EMRO,0,696614,0,1536
2023-01-29,BH,Bahrain,EMRO,0,696614,0,1536
2023-02-05,BH,Bahrain,EMRO,0,696614,0,1536
2023-02-12,BH,Bahrain,EMRO,0,696614,0,1536
2023-02-19,BH,Bahrain,EMRO,0,696614,0,1536
2023-02-26,BH,Bahrain,EMRO,0,696614,0,1536
2023-03-05,BH,Bahrain,EMRO,0,696614,0,1536
2023-03-12,BH,Bahrain,EMRO,0,696614,0,1536
2023-03-19,BH,Bahrain,EMRO,0,696614,0,1536
2023-03-26,BH,Bahrain,EMRO,0,696614,0,1536
2023-04-02,BH,Bahrain,EMRO,0,696614,0,1536
2023-04-09,BH,Bahrain,EMRO,0,696614,0,1536
2023-04-16,BH,Bahrain,EMRO,0,696614,0,1536
2023-04-23,BH,Bahrain,EMRO,0,696614,0,1536
2023-04-30,BH,Bahrain,EMRO,0,696614,0,1536
2023-05-07,BH,Bahrain,EMRO,0,696614,0,1536
2023-05-14,BH,Bahrain,EMRO,0,696614,0,1536
2023-05-21,BH,Bahrain,EMRO,0,696614,0,1536
2023-05-28,BH,Bahrain,EMRO,0,696614,0,1536
2023-06-04,BH,Bahrain,EMRO,0,696614,0,1536
2023-06-11,BH,Bahrain,EMRO,0,696614,0,1536
2023-06-18,BH,Bahrain,EMRO,0,696614,0,1536
2023-06-25,BH,Bahrain,EMRO,0,696614,0,1536
2023-07-02,BH,Bahrain,EMRO,0,696614,0,1536
2023-07-09,BH,Bahrain,EMRO,0,696614,0,1536
2023-07-16,BH,Bahrain,EMRO,0,696614,0,1536
2023-07-23,BH,Bahrain,EMRO,0,696614,0,1536
2023-07-30,BH,Bahrain,EMRO,0,696614,0,1536
2023-08-06,BH,Bahrain,EMRO,0,696614,0,1536
2023-08-13,BH,Bahrain,EMRO,0,696614,0,1536
2023-08-20,BH,Bahrain,EMRO,0,696614,0,1536
2023-08-27,BH,Bahrain,EMRO,0,696614,0,1536
2023-09-03,BH,Bahrain,EMRO,0,696614,0,1536
2023-09-10,BH,Bahrain,EMRO,0,696614,0,1536
2023-09-17,BH,Bahrain,EMRO,0,696614,0,1536
2023-09-24,BH,Bahrain,EMRO,0,696614,0,1536
2023-10-01,BH,Bahrain,EMRO,0,696614,0,1536
2023-10-08,BH,Bahrain,EMRO,0,696614,0,1536
2023-10-15,BH,Bahrain,EMRO,0,696614,0,1536
2023-10-22,BH,Bahrain,EMRO,0,696614,0,1536
2023-10-29,BH,Bahrain,EMRO,0,696614,0,1536
2023-11-05,BH,Bahrain,EMRO,0,696614,0,1536
2023-11-12,BH,Bahrain,EMRO,0,696614,0,1536
2023-11-19,BH,Bahrain,EMRO,0,696614,0,1536
2023-11-26,BH,Bahrain,EMRO,0,696614,0,1536
2023-12-03,BH,Bahrain,EMRO,0,696614,0,1536
2023-12-10,BH,Bahrain,EMRO,0,696614,0,1536
2023-12-17,BH,Bahrain,EMRO,0,696614,0,1536
2023-12-24,BH,Bahrain,EMRO,0,696614,0,1536
2023-12-31,BH,Bahrain,EMRO,0,696614,0,1536
2020-01-05,BD,Bangladesh,SEARO,0,0,0,0
2020-01-12,BD,Bangladesh,SEARO,0,0,0,0
2020-01-19,BD,Bangladesh,SEARO,0,0,0,0
2020-01-26,BD,Bangladesh,SEARO,0,0,0,0
2020-02-02,BD,Bangladesh,SEARO,0,0,0,0
2020-02-09,BD,Bangladesh,SEARO,0,0,0,0
2020-02-16,BD,Bangladesh,SEARO,0,0,0,0
2020-02-23,BD,Bangladesh,SEARO,0,0,0,0
2020-03-01,BD,Bangladesh,SEARO,0,0,0,0
2020-03-08,BD,Bangladesh,SEARO,3,3,0,0
2020-03-15,BD,Bangladesh,SEARO,4,7,0,0
2020-03-22,BD,Bangladesh,SEARO,17,24,2,2
2020-03-29,BD,Bangladesh,SEARO,24,48,3,5
2020-04-05,BD,Bangladesh,SEARO,40,88,3,8
2020-04-12,BD,Bangladesh,SEARO,533,621,26,34
2020-04-19,BD,Bangladesh,SEARO,1835,2456,57,91
2020-04-26,BD,Bangladesh,SEARO,2960,5416,54,145
2020-05-03,BD,Bangladesh,SEARO,4039,9455,32,177
2020-05-10,BD,Bangladesh,SEARO,5202,14657,51,228
2020-05-17,BD,Bangladesh,SEARO,7611,22268,100,328
2020-05-24,BD,Bangladesh,SEARO,11342,33610,152,480
2020-05-31,BD,Bangladesh,SEARO,13543,47153,170,650
2020-06-07,BD,Bangladesh,SEARO,18616,65769,238,888
2020-06-14,BD,Bangladesh,SEARO,21751,87520,283,1171
2020-06-21,BD,Bangladesh,SEARO,24786,112306,293,1464
2020-06-28,BD,Bangladesh,SEARO,25481,137787,274,1738
2020-07-05,BD,Bangladesh,SEARO,24630,162417,314,2052
2020-07-12,BD,Bangladesh,SEARO,21378,183795,300,2352
2020-07-19,BD,Bangladesh,SEARO,20730,204525,266,2618
2020-07-26,BD,Bangladesh,SEARO,18928,223453,310,2928
2020-08-02,BD,Bangladesh,SEARO,17293,240746,226,3154
2020-08-09,BD,Bangladesh,SEARO,16854,257600,245,3399
2020-08-16,BD,Bangladesh,SEARO,18949,276549,258,3657
2020-08-23,BD,Bangladesh,SEARO,18049,294598,284,3941
2020-08-30,BD,Bangladesh,SEARO,16224,310822,307,4248
2020-09-06,BD,Bangladesh,SEARO,14335,325157,231,4479
2020-09-13,BD,Bangladesh,SEARO,12363,337520,254,4733
2020-09-20,BD,Bangladesh,SEARO,11396,348916,206,4939
2020-09-27,BD,Bangladesh,SEARO,10232,359148,222,5161
2020-10-04,BD,Bangladesh,SEARO,9542,368690,187,5348
2020-10-11,BD,Bangladesh,SEARO,9576,378266,176,5524
2020-10-18,BD,Bangladesh,SEARO,10303,388569,136,5660
2020-10-25,BD,Bangladesh,SEARO,10246,398815,143,5803
2020-11-01,BD,Bangladesh,SEARO,10437,409252,138,5941
2020-11-08,BD,Bangladesh,SEARO,10986,420238,126,6067
2020-11-15,BD,Bangladesh,SEARO,12095,432333,127,6194
2020-11-22,BD,Bangladesh,SEARO,15008,447341,194,6388
2020-11-29,BD,Bangladesh,SEARO,15066,462407,221,6609
2020-12-06,BD,Bangladesh,SEARO,15138,477545,229,6838
2020-12-13,BD,Bangladesh,SEARO,12988,490533,214,7052
2020-12-20,BD,Bangladesh,SEARO,10180,500713,228,7280
2020-12-27,BD,Bangladesh,SEARO,8435,509148,172,7452
2021-01-03,BD,Bangladesh,SEARO,6871,516019,174,7626
2021-01-10,BD,Bangladesh,SEARO,6434,522453,155,7781
2021-01-17,BD,Bangladesh,SEARO,5179,527632,125,7906
2021-01-24,BD,Bangladesh,SEARO,4167,531799,117,8023
2021-01-31,BD,Bangladesh,SEARO,3340,535139,104,8127
2021-02-07,BD,Bangladesh,SEARO,2923,538062,78,8205
2021-02-14,BD,Bangladesh,SEARO,2530,540592,69,8274
2021-02-21,BD,Bangladesh,SEARO,2759,543351,75,8349
2021-02-28,BD,Bangladesh,SEARO,2865,546216,59,8408
2021-03-07,BD,Bangladesh,SEARO,4114,550330,54,8462
2021-03-14,BD,Bangladesh,SEARO,7065,557395,83,8545
2021-03-21,BD,Bangladesh,SEARO,13483,570878,145,8690
2021-03-28,BD,Bangladesh,SEARO,24836,595714,214,8904
2021-04-04,BD,Bangladesh,SEARO,41650,637364,362,9266
2021-04-11,BD,Bangladesh,SEARO,47392,684756,473,9739
2021-04-18,BD,Bangladesh,SEARO,34194,718950,646,10385
2021-04-25,BD,Bangladesh,SEARO,26372,745322,668,11053
2021-05-02,BD,Bangladesh,SEARO,16621,761943,526,11579
2021-05-09,BD,Bangladesh,SEARO,11570,773513,355,11934
2021-05-16,BD,Bangladesh,SEARO,6646,780159,215,12149
2021-05-23,BD,Bangladesh,SEARO,8921,789080,227,12376
2021-05-30,BD,Bangladesh,SEARO,9750,798830,207,12583
2021-06-06,BD,Bangladesh,SEARO,12160,810990,256,12839
2021-06-13,BD,Bangladesh,SEARO,15932,826922,279,13118
2021-06-20,BD,Bangladesh,SEARO,24746,851668,430,13548
2021-06-27,BD,Bangladesh,SEARO,36738,888406,624,14172
2021-07-04,BD,Bangladesh,SEARO,56511,944917,893,15065
2021-07-11,BD,Bangladesh,SEARO,76272,1021189,1354,16419
2021-07-18,BD,Bangladesh,SEARO,82800,1103989,1475,17894
2021-07-25,BD,Bangladesh,SEARO,60646,1164635,1380,19274
2021-08-01,BD,Bangladesh,SEARO,99693,1264328,1642,20916
2021-08-08,BD,Bangladesh,SEARO,89367,1353695,1736,22652
2021-08-15,BD,Bangladesh,SEARO,65207,1418902,1523,24175
2021-08-22,BD,Bangladesh,SEARO,43096,1461998,1107,25282
2021-08-29,BD,Bangladesh,SEARO,31539,1493537,733,26015
2021-09-05,BD,Bangladesh,SEARO,20919,1514456,548,26563
2021-09-12,BD,Bangladesh,SEARO,15957,1530413,368,26931
2021-09-19,BD,Bangladesh,SEARO,12270,1542683,294,27225
2021-09-26,BD,Bangladesh,SEARO,8668,1551351,189,27414
2021-10-03,BD,Bangladesh,SEARO,6613,1557964,159,27573
2021-10-10,BD,Bangladesh,SEARO,4395,1562359,115,27688
2021-10-17,BD,Bangladesh,SEARO,3129,1565488,80,27768
2021-10-24,BD,Bangladesh,SEARO,2204,1567692,55,27823
2021-10-31,BD,Bangladesh,SEARO,1847,1569539,45,27868
2021-11-07,BD,Bangladesh,SEARO,1474,1571013,27,27895
2021-11-14,BD,Bangladesh,SEARO,1488,1572501,27,27922
2021-11-21,BD,Bangladesh,SEARO,1587,1574088,31,27953
2021-11-28,BD,Bangladesh,SEARO,1696,1575784,25,27978
2021-12-05,BD,Bangladesh,SEARO,1659,1577443,23,28001
2021-12-12,BD,Bangladesh,SEARO,1882,1579325,27,28028
2021-12-19,BD,Bangladesh,SEARO,1758,1581083,20,28048
2021-12-26,BD,Bangladesh,SEARO,2170,1583253,12,28060
2022-01-02,BD,Bangladesh,SEARO,3213,1586466,17,28077
2022-01-09,BD,Bangladesh,SEARO,7234,1593700,25,28102
2022-01-16,BD,Bangladesh,SEARO,24011,1617711,42,28144
2022-01-23,BD,Bangladesh,SEARO,67425,1685136,79,28223
2022-01-30,BD,Bangladesh,SEARO,100196,1785332,140,28363
2022-02-06,BD,Bangladesh,SEARO,76200,1861532,226,28589
2022-02-13,BD,Bangladesh,SEARO,48132,1909664,230,28819
2022-02-20,BD,Bangladesh,SEARO,23627,1933291,146,28965
2022-02-27,BD,Bangladesh,SEARO,9389,1942680,68,29033
2022-03-06,BD,Bangladesh,SEARO,4586,1947266,52,29085
2022-03-13,BD,Bangladesh,SEARO,2220,1949486,26,29111
2022-03-20,BD,Bangladesh,SEARO,1123,1950609,6,29117
2022-03-27,BD,Bangladesh,SEARO,673,1951282,1,29118
2022-04-03,BD,Bangladesh,SEARO,488,1951770,4,29122
2022-04-10,BD,Bangladesh,SEARO,295,1952065,1,29123
2022-04-17,BD,Bangladesh,SEARO,261,1952326,1,29124
2022-04-24,BD,Bangladesh,SEARO,230,1952556,3,29127
2022-05-01,BD,Bangladesh,SEARO,160,1952716,0,29127
2022-05-08,BD,Bangladesh,SEARO,83,1952799,0,29127
2022-05-15,BD,Bangladesh,SEARO,213,1953012,0,29127
2022-05-22,BD,Bangladesh,SEARO,192,1953204,1,29128
2022-05-29,BD,Bangladesh,SEARO,203,1953407,2,29130
2022-06-05,BD,Bangladesh,SEARO,216,1953623,1,29131
2022-06-12,BD,Bangladesh,SEARO,492,1954115,0,29131
2022-06-19,BD,Bangladesh,SEARO,2212,1956327,0,29131
2022-06-26,BD,Bangladesh,SEARO,8846,1965173,9,29140
2022-07-03,BD,Bangladesh,SEARO,13516,1978689,22,29162
2022-07-10,BD,Bangladesh,SEARO,11165,1989854,38,29200
2022-07-17,BD,Bangladesh,SEARO,6486,1996340,34,29234
2022-07-24,BD,Bangladesh,SEARO,5435,2001775,32,29266
2022-07-31,BD,Bangladesh,SEARO,3482,2005257,25,29291
2022-08-07,BD,Bangladesh,SEARO,2078,2007335,13,29304
2022-08-14,BD,Bangladesh,SEARO,1535,2008870,9,29313
2022-08-21,BD,Bangladesh,SEARO,1100,2009970,2,29315
2022-08-28,BD,Bangladesh,SEARO,1347,2011317,8,29323
2022-09-04,BD,Bangladesh,SEARO,1444,2012761,5,29328
2022-09-11,BD,Bangladesh,SEARO,2126,2014887,6,29334
2022-09-18,BD,Bangladesh,SEARO,2727,2017614,5,29339
2022-09-25,BD,Bangladesh,SEARO,4076,2021690,14,29353
2022-10-02,BD,Bangladesh,SEARO,4522,2026212,16,29369
2022-10-09,BD,Bangladesh,SEARO,3511,2029723,12,29381
2022-10-16,BD,Bangladesh,SEARO,2720,2032443,20,29401
2022-10-23,BD,Bangladesh,SEARO,1698,2034141,12,29413
2022-10-30,BD,Bangladesh,SEARO,1011,2035152,10,29423
2022-11-06,BD,Bangladesh,SEARO,676,2035828,3,29426
2022-11-13,BD,Bangladesh,SEARO,338,2036166,1,29427
2022-11-20,BD,Bangladesh,SEARO,201,2036367,3,29430
2022-11-27,BD,Bangladesh,SEARO,160,2036527,1,29431
2022-12-04,BD,Bangladesh,SEARO,110,2036637,3,29434
2022-12-11,BD,Bangladesh,SEARO,169,2036806,2,29436
2022-12-18,BD,Bangladesh,SEARO,122,2036928,2,29438
2022-12-25,BD,Bangladesh,SEARO,96,2037024,1,29439
2023-01-01,BD,Bangladesh,SEARO,118,2037142,1,29440
2023-01-08,BD,Bangladesh,SEARO,125,2037267,0,29440
2023-01-15,BD,Bangladesh,SEARO,101,2037368,1,29441
2023-01-22,BD,Bangladesh,SEARO,76,2037444,0,29441
2023-01-29,BD,Bangladesh,SEARO,88,2037532,1,29442
2023-02-05,BD,Bangladesh,SEARO,77,2037609,1,29443
2023-02-12,BD,Bangladesh,SEARO,70,2037679,1,29444
2023-02-19,BD,Bangladesh,SEARO,71,2037750,1,29445
2023-02-26,BD,Bangladesh,SEARO,58,2037808,0,29445
2023-03-05,BD,Bangladesh,SEARO,57,2037865,0,29445
2023-03-12,BD,Bangladesh,SEARO,57,2037922,0,29445
2023-03-19,BD,Bangladesh,SEARO,47,2037969,0,29445
2023-03-26,BD,Bangladesh,SEARO,32,2038001,0,29445
2023-04-02,BD,Bangladesh,SEARO,37,2038038,1,29446
2023-04-09,BD,Bangladesh,SEARO,40,2038078,0,29446
2023-04-16,BD,Bangladesh,SEARO,38,2038116,0,29446
2023-04-23,BD,Bangladesh,SEARO,38,2038154,0,29446
2023-04-30,BD,Bangladesh,SEARO,78,2038232,0,29446
2023-05-07,BD,Bangladesh,SEARO,106,2038338,0,29446
2023-05-14,BD,Bangladesh,SEARO,140,2038478,0,29446
2023-05-21,BD,Bangladesh,SEARO,148,2038626,0,29446
2023-05-28,BD,Bangladesh,SEARO,345,2038971,0,29446
2023-06-04,BD,Bangladesh,SEARO,668,2039639,2,29448
2023-06-11,BD,Bangladesh,SEARO,831,2040470,3,29451
2023-06-18,BD,Bangladesh,SEARO,1000,2041470,6,29457
2023-06-25,BD,Bangladesh,SEARO,782,2042252,4,29461
2023-07-02,BD,Bangladesh,SEARO,450,2042702,1,29462
2023-07-09,BD,Bangladesh,SEARO,459,2043161,0,29462
2023-07-16,BD,Bangladesh,SEARO,416,2043577,2,29464
2023-07-23,BD,Bangladesh,SEARO,394,2043971,4,29468
2023-07-30,BD,Bangladesh,SEARO,439,2044410,4,29472
2023-08-06,BD,Bangladesh,SEARO,369,2044779,2,29474
2023-08-13,BD,Bangladesh,SEARO,218,2044997,2,29476
2023-08-20,BD,Bangladesh,SEARO,162,2045159,0,29476
2023-08-27,BD,Bangladesh,SEARO,127,2045286,0,29476
2023-09-03,BD,Bangladesh,SEARO,122,2045408,1,29477
2023-09-10,BD,Bangladesh,SEARO,109,2045517,0,29477
2023-09-17,BD,Bangladesh,SEARO,85,2045602,0,29477
2023-09-24,BD,Bangladesh,SEARO,69,2045671,0,29477
2023-10-01,BD,Bangladesh,SEARO,63,2045734,0,29477
2023-10-08,BD,Bangladesh,SEARO,55,2045789,0,29477
2023-10-15,BD,Bangladesh,SEARO,54,2045843,0,29477
2023-10-22,BD,Bangladesh,SEARO,49,2045892,0,29477
2023-10-29,BD,Bangladesh,SEARO,31,2045923,0,29477
2023-11-05,BD,Bangladesh,SEARO,35,2045958,0,29477
2023-11-12,BD,Bangladesh,SEARO,34,2045992,0,29477
2023-11-19,BD,Bangladesh,SEARO,34,2046026,0,29477
2023-11-26,BD,Bangladesh,SEARO,34,2046060,0,29477
2023-12-03,BD,Bangladesh,SEARO,30,2046090,0,29477
2023-12-10,BD,Bangladesh,SEARO,43,2046133,0,29477
2023-12-17,BD,Bangladesh,SEARO,32,2046165,0,29477
2023-12-24,BD,Bangladesh,SEARO,42,2046207,0,29477
2023-12-31,BD,Bangladesh,SEARO,49,2046256,0,29477
2020-01-05,BB,Barbados,AMRO,0,0,0,0
2020-01-12,BB,Barbados,AMRO,0,0,0,0
2020-01-19,BB,Barbados,AMRO,0,0,0,0
2020-01-26,BB,Barbados,AMRO,0,0,0,0
2020-02-02,BB,Barbados,AMRO,0,0,0,0
2020-02-09,BB,Barbados,AMRO,0,0,0,0
2020-02-16,BB,Barbados,AMRO,0,0,0,0
2020-02-23,BB,Barbados,AMRO,0,0,0,0
2020-03-01,BB,Barbados,AMRO,0,0,0,0
2020-03-08,BB,Barbados,AMRO,0,0,0,0
2020-03-15,BB,Barbados,AMRO,0,0,0,0
2020-03-22,BB,Barbados,AMRO,5,5,0,0
2020-03-29,BB,Barbados,AMRO,19,24,0,0
2020-04-05,BB,Barbados,AMRO,27,51,0,0
2020-04-12,BB,Barbados,AMRO,16,67,4,4
2020-04-19,BB,Barbados,AMRO,8,75,1,5
2020-04-26,BB,Barbados,AMRO,2,77,1,6
2020-05-03,BB,Barbados,AMRO,4,81,1,7
2020-05-10,BB,Barbados,AMRO,1,82,0,7
2020-05-17,BB,Barbados,AMRO,3,85,0,7
2020-05-24,BB,Barbados,AMRO,5,90,0,7
2020-05-31,BB,Barbados,AMRO,2,92,0,7
2020-06-07,BB,Barbados,AMRO,0,92,0,7
2020-06-14,BB,Barbados,AMRO,4,96,0,7
2020-06-21,BB,Barbados,AMRO,1,97,0,7
2020-06-28,BB,Barbados,AMRO,0,97,0,7
2020-07-05,BB,Barbados,AMRO,0,97,0,7
2020-07-12,BB,Barbados,AMRO,1,98,0,7
2020-07-19,BB,Barbados,AMRO,6,104,0,7
2020-07-26,BB,Barbados,AMRO,4,108,0,7
2020-08-02,BB,Barbados,AMRO,2,110,0,7
2020-08-09,BB,Barbados,AMRO,28,138,0,7
2020-08-16,BB,Barbados,AMRO,10,148,0,7
2020-08-23,BB,Barbados,AMRO,9,157,0,7
2020-08-30,BB,Barbados,AMRO,9,166,0,7
2020-09-06,BB,Barbados,AMRO,12,178,0,7
2020-09-13,BB,Barbados,AMRO,2,180,0,7
2020-09-20,BB,Barbados,AMRO,5,185,0,7
2020-09-27,BB,Barbados,AMRO,5,190,0,7
2020-10-04,BB,Barbados,AMRO,6,196,0,7
2020-10-11,BB,Barbados,AMRO,9,205,0,7
2020-10-18,BB,Barbados,AMRO,14,219,0,7
2020-10-25,BB,Barbados,AMRO,8,227,0,7
2020-11-01,BB,Barbados,AMRO,9,236,0,7
2020-11-08,BB,Barbados,AMRO,6,242,0,7
2020-11-15,BB,Barbados,AMRO,7,249,0,7
2020-11-22,BB,Barbados,AMRO,4,253,0,7
2020-11-29,BB,Barbados,AMRO,17,270,0,7
2020-12-06,BB,Barbados,AMRO,15,285,0,7
2020-12-13,BB,Barbados,AMRO,7,292,0,7
2020-12-20,BB,Barbados,AMRO,15,307,0,7
2020-12-27,BB,Barbados,AMRO,40,347,0,7
2021-01-03,BB,Barbados,AMRO,48,395,0,7
2021-01-10,BB,Barbados,AMRO,413,808,0,7
2021-01-17,BB,Barbados,AMRO,228,1036,0,7
2021-01-24,BB,Barbados,AMRO,305,1341,2,9
2021-01-31,BB,Barbados,AMRO,157,1498,3,12
2021-02-07,BB,Barbados,AMRO,178,1676,6,18
2021-02-14,BB,Barbados,AMRO,271,1947,5,23
2021-02-21,BB,Barbados,AMRO,730,2677,7,30
2021-02-28,BB,Barbados,AMRO,317,2994,3,33
2021-03-07,BB,Barbados,AMRO,223,3217,4,37
2021-03-14,BB,Barbados,AMRO,174,3391,0,37
2021-03-21,BB,Barbados,AMRO,121,3512,2,39
2021-03-28,BB,Barbados,AMRO,91,3603,2,41
2021-04-04,BB,Barbados,AMRO,62,3665,1,42
2021-04-11,BB,Barbados,AMRO,43,3708,2,44
2021-04-18,BB,Barbados,AMRO,65,3773,0,44
2021-04-25,BB,Barbados,AMRO,47,3820,0,44
2021-05-02,BB,Barbados,AMRO,43,3863,0,44
2021-05-09,BB,Barbados,AMRO,68,3931,1,45
2021-05-16,BB,Barbados,AMRO,30,3961,1,46
2021-05-23,BB,Barbados,AMRO,24,3985,1,47
2021-05-30,BB,Barbados,AMRO,24,4009,0,47
2021-06-06,BB,Barbados,AMRO,20,4029,0,47
2021-06-13,BB,Barbados,AMRO,4,4033,0,47
2021-06-20,BB,Barbados,AMRO,7,4040,0,47
2021-06-27,BB,Barbados,AMRO,26,4066,0,47
2021-07-04,BB,Barbados,AMRO,16,4082,0,47
2021-07-11,BB,Barbados,AMRO,54,4136,0,47
2021-07-18,BB,Barbados,AMRO,105,4241,1,48
2021-07-25,BB,Barbados,AMRO,89,4330,0,48
2021-08-01,BB,Barbados,AMRO,49,4379,0,48
2021-08-08,BB,Barbados,AMRO,76,4455,0,48
2021-08-15,BB,Barbados,AMRO,60,4515,0,48
2021-08-22,BB,Barbados,AMRO,113,4628,0,48
2021-08-29,BB,Barbados,AMRO,161,4789,0,48
2021-09-05,BB,Barbados,AMRO,394,5183,3,51
2021-09-12,BB,Barbados,AMRO,576,5759,0,51
2021-09-19,BB,Barbados,AMRO,599,6358,6,57
2021-09-26,BB,Barbados,AMRO,1043,7401,6,63
2021-10-03,BB,Barbados,AMRO,1208,8609,15,78
2021-10-10,BB,Barbados,AMRO,1774,10383,10,88
2021-10-17,BB,Barbados,AMRO,1722,12105,20,108
2021-10-24,BB,Barbados,AMRO,2648,14753,16,124
2021-10-31,BB,Barbados,AMRO,2712,17465,28,152
2021-11-07,BB,Barbados,AMRO,2051,19516,18,170
2021-11-14,BB,Barbados,AMRO,2361,21877,21,191
2021-11-21,BB,Barbados,AMRO,1549,23426,15,206
2021-11-28,BB,Barbados,AMRO,1497,24923,17,223
2021-12-05,BB,Barbados,AMRO,1041,25964,11,234
2021-12-12,BB,Barbados,AMRO,776,26740,17,251
2021-12-19,BB,Barbados,AMRO,429,27169,5,256
2021-12-26,BB,Barbados,AMRO,460,27629,4,260
2022-01-02,BB,Barbados,AMRO,1181,28810,2,262
2022-01-09,BB,Barbados,AMRO,2194,31004,3,265
2022-01-16,BB,Barbados,AMRO,3687,34691,4,269
2022-01-23,BB,Barbados,AMRO,3895,38586,5,274
2022-01-30,BB,Barbados,AMRO,4265,42851,3,277
2022-02-06,BB,Barbados,AMRO,4273,47124,9,286
2022-02-13,BB,Barbados,AMRO,3756,50880,5,291
2022-02-20,BB,Barbados,AMRO,2628,53508,17,308
2022-02-27,BB,Barbados,AMRO,1394,54902,5,313
2022-03-06,BB,Barbados,AMRO,961,55863,3,316
2022-03-13,BB,Barbados,AMRO,942,56805,7,323
2022-03-20,BB,Barbados,AMRO,743,57548,3,326
2022-03-27,BB,Barbados,AMRO,722,58270,4,330
2022-04-03,BB,Barbados,AMRO,1225,59495,45,375
2022-04-10,BB,Barbados,AMRO,1772,61267,4,379
2022-04-17,BB,Barbados,AMRO,2910,64177,2,381
2022-04-24,BB,Barbados,AMRO,2633,66810,7,388
2022-05-01,BB,Barbados,AMRO,2752,69562,4,392
2022-05-08,BB,Barbados,AMRO,3181,72743,11,403
2022-05-15,BB,Barbados,AMRO,3102,75845,29,432
2022-05-22,BB,Barbados,AMRO,2603,78448,4,436
2022-05-29,BB,Barbados,AMRO,1590,80038,8,444
2022-06-05,BB,Barbados,AMRO,1136,81174,18,462
2022-06-12,BB,Barbados,AMRO,897,82071,5,467
2022-06-19,BB,Barbados,AMRO,659,82730,4,471
2022-06-26,BB,Barbados,AMRO,794,83524,2,473
2022-07-03,BB,Barbados,AMRO,1038,84562,4,477
2022-07-10,BB,Barbados,AMRO,1117,85679,1,478
2022-07-17,BB,Barbados,AMRO,1784,87463,1,479
2022-07-24,BB,Barbados,AMRO,1876,89339,3,482
2022-07-31,BB,Barbados,AMRO,2254,91593,10,492
2022-08-07,BB,Barbados,AMRO,2500,94093,6,498
2022-08-14,BB,Barbados,AMRO,3011,97104,17,515
2022-08-21,BB,Barbados,AMRO,2100,99204,14,529
2022-08-28,BB,Barbados,AMRO,1322,100526,8,537
2022-09-04,BB,Barbados,AMRO,689,101215,7,544
2022-09-11,BB,Barbados,AMRO,594,101809,12,556
2022-09-18,BB,Barbados,AMRO,351,102160,3,559
2022-09-25,BB,Barbados,AMRO,223,102383,0,559
2022-10-02,BB,Barbados,AMRO,226,102609,1,560
2022-10-09,BB,Barbados,AMRO,0,102609,0,560
2022-10-16,BB,Barbados,AMRO,405,103014,0,560
2022-10-23,BB,Barbados,AMRO,0,103014,0,560
2022-10-30,BB,Barbados,AMRO,410,103424,0,560
2022-11-06,BB,Barbados,AMRO,0,103424,0,560
2022-11-13,BB,Barbados,AMRO,121,103545,4,564
2022-11-20,BB,Barbados,AMRO,0,103545,0,564
2022-11-27,BB,Barbados,AMRO,871,104416,3,567
2022-12-04,BB,Barbados,AMRO,0,104416,0,567
2022-12-11,BB,Barbados,AMRO,528,104944,1,568
2022-12-18,BB,Barbados,AMRO,0,104944,0,568
2022-12-25,BB,Barbados,AMRO,571,105515,0,568
2023-01-01,BB,Barbados,AMRO,0,105515,0,568
2023-01-08,BB,Barbados,AMRO,390,105905,1,569
2023-01-15,BB,Barbados,AMRO,0,105905,0,569
2023-01-22,BB,Barbados,AMRO,252,106157,2,571
2023-01-29,BB,Barbados,AMRO,0,106157,0,571
2023-02-05,BB,Barbados,AMRO,277,106434,2,573
2023-02-12,BB,Barbados,AMRO,0,106434,0,573
2023-02-19,BB,Barbados,AMRO,211,106645,2,575
2023-02-26,BB,Barbados,AMRO,0,106645,0,575
2023-03-05,BB,Barbados,AMRO,153,106798,4,579
2023-03-12,BB,Barbados,AMRO,0,106798,0,579
2023-03-19,BB,Barbados,AMRO,0,106798,0,579
2023-03-26,BB,Barbados,AMRO,0,106798,0,579
2023-04-02,BB,Barbados,AMRO,534,107332,3,582
2023-04-09,BB,Barbados,AMRO,0,107332,0,582
2023-04-16,BB,Barbados,AMRO,0,107332,0,582
2023-04-23,BB,Barbados,AMRO,134,107466,6,588
2023-04-30,BB,Barbados,AMRO,0,107466,0,588
2023-05-07,BB,Barbados,AMRO,100,107566,1,589
2023-05-14,BB,Barbados,AMRO,228,107794,4,593
2023-05-21,BB,Barbados,AMRO,0,107794,0,593
2023-05-28,BB,Barbados,AMRO,144,107938,0,593
2023-06-04,BB,Barbados,AMRO,138,108076,0,593
2023-06-11,BB,Barbados,AMRO,263,108339,0,593
2023-06-18,BB,Barbados,AMRO,249,108588,0,593
2023-06-25,BB,Barbados,AMRO,197,108785,0,593
2023-07-02,BB,Barbados,AMRO,199,108984,0,593
2023-07-09,BB,Barbados,AMRO,166,109150,0,593
2023-07-16,BB,Barbados,AMRO,125,109275,0,593
2023-07-23,BB,Barbados,AMRO,96,109371,0,593
2023-07-30,BB,Barbados,AMRO,81,109452,0,593
2023-08-06,BB,Barbados,AMRO,83,109535,0,593
2023-08-13,BB,Barbados,AMRO,123,109658,0,593
2023-08-20,BB,Barbados,AMRO,151,109809,0,593
2023-08-27,BB,Barbados,AMRO,65,109874,0,593
2023-09-03,BB,Barbados,AMRO,69,109943,0,593
2023-09-10,BB,Barbados,AMRO,83,110026,0,593
2023-09-17,BB,Barbados,AMRO,29,110055,0,593
2023-09-24,BB,Barbados,AMRO,19,110074,0,593
2023-10-01,BB,Barbados,AMRO,17,110091,0,593
2023-10-08,BB,Barbados,AMRO,15,110106,0,593
2023-10-15,BB,Barbados,AMRO,8,110114,0,593
2023-10-22,BB,Barbados,AMRO,9,110123,0,593
2023-10-29,BB,Barbados,AMRO,1,110124,0,593
2023-11-05,BB,Barbados,AMRO,1,110125,0,593
2023-11-12,BB,Barbados,AMRO,2,110127,0,593
2023-11-19,BB,Barbados,AMRO,1,110128,0,593
2023-11-26,BB,Barbados,AMRO,4,110132,0,593
2023-12-03,BB,Barbados,AMRO,4,110136,0,593
2023-12-10,BB,Barbados,AMRO,5,110141,0,593
2023-12-17,BB,Barbados,AMRO,4,110145,0,593
2023-12-24,BB,Barbados,AMRO,8,110153,0,593
2023-12-31,BB,Barbados,AMRO,0,110153,0,593
2020-01-05,BY,Belarus,EURO,0,0,0,0
2020-01-12,BY,Belarus,EURO,0,0,0,0
2020-01-19,BY,Belarus,EURO,0,0,0,0
2020-01-26,BY,Belarus,EURO,0,0,0,0
2020-02-02,BY,Belarus,EURO,0,0,0,0
2020-02-09,BY,Belarus,EURO,0,0,0,0
2020-02-16,BY,Belarus,EURO,0,0,0,0
2020-02-23,BY,Belarus,EURO,0,0,0,0
2020-03-01,BY,Belarus,EURO,1,1,0,0
2020-03-08,BY,Belarus,EURO,5,6,0,0
2020-03-15,BY,Belarus,EURO,15,21,0,0
2020-03-22,BY,Belarus,EURO,55,76,0,0
2020-03-29,BY,Belarus,EURO,18,94,0,0
2020-04-05,BY,Belarus,EURO,346,440,4,4
2020-04-12,BY,Belarus,EURO,1786,2226,19,23
2020-04-19,BY,Belarus,EURO,3063,5289,22,45
2020-04-26,BY,Belarus,EURO,4301,9590,22,67
2020-05-03,BY,Belarus,EURO,6238,15828,30,97
2020-05-10,BY,Belarus,EURO,7145,22973,34,131
2020-05-17,BY,Belarus,EURO,5708,28681,29,160
2020-05-24,BY,Belarus,EURO,6563,35244,34,194
2020-05-31,BY,Belarus,EURO,6414,41658,35,229
2020-06-07,BY,Belarus,EURO,5210,46868,30,259
2020-06-14,BY,Belarus,EURO,6373,53241,44,303
2020-06-21,BY,Belarus,EURO,4695,57936,40,343
2020-06-28,BY,Belarus,EURO,3159,61095,34,377
2020-07-05,BY,Belarus,EURO,2175,63270,41,418
2020-07-12,BY,Belarus,EURO,1494,64764,41,459
2020-07-19,BY,Belarus,EURO,1189,65953,36,495
2020-07-26,BY,Belarus,EURO,1049,67002,35,530
2020-08-02,BY,Belarus,EURO,944,67946,33,563
2020-08-09,BY,Belarus,EURO,792,68738,22,585
2020-08-16,BY,Belarus,EURO,686,69424,22,607
2020-08-23,BY,Belarus,EURO,861,70285,30,637
2020-08-30,BY,Belarus,EURO,1238,71523,34,671
2020-09-06,BY,Belarus,EURO,1140,72663,34,705
2020-09-13,BY,Belarus,EURO,1312,73975,39,744
2020-09-20,BY,Belarus,EURO,1486,75461,32,776
2020-09-27,BY,Belarus,EURO,1828,77289,37,813
2020-10-04,BY,Belarus,EURO,2563,79852,38,851
2020-10-11,BY,Belarus,EURO,3171,83023,40,891
2020-10-18,BY,Belarus,EURO,4040,87063,34,925
2020-10-25,BY,Belarus,EURO,4104,91167,20,945
2020-11-01,BY,Belarus,EURO,8292,99459,40,985
2020-11-08,BY,Belarus,EURO,5824,105283,19,1004
2020-11-15,BY,Belarus,EURO,7587,112870,35,1039
2020-11-22,BY,Belarus,EURO,9565,122435,50,1089
2020-11-29,BY,Belarus,EURO,10889,133324,54,1143
2020-12-06,BY,Belarus,EURO,11955,145279,55,1198
2020-12-13,BY,Belarus,EURO,13055,158334,56,1254
2020-12-20,BY,Belarus,EURO,13245,171579,62,1316
2020-12-27,BY,Belarus,EURO,13343,184922,60,1376
2021-01-03,BY,Belarus,EURO,13203,198125,66,1442
2021-01-10,BY,Belarus,EURO,12243,210368,65,1507
2021-01-17,BY,Belarus,EURO,13169,223537,66,1573
2021-01-24,BY,Belarus,EURO,12322,235859,66,1639
2021-01-31,BY,Belarus,EURO,10711,246570,69,1708
2021-02-07,BY,Belarus,EURO,10389,256959,65,1773
2021-02-14,BY,Belarus,EURO,10070,267029,67,1840
2021-02-21,BY,Belarus,EURO,9961,276990,63,1903
2021-02-28,BY,Belarus,EURO,8969,285959,63,1966
2021-03-07,BY,Belarus,EURO,8473,294432,63,2029
2021-03-14,BY,Belarus,EURO,6896,301328,58,2087
2021-03-21,BY,Belarus,EURO,7965,309293,61,2148
2021-03-28,BY,Belarus,EURO,8338,317631,63,2211
2021-04-04,BY,Belarus,EURO,8434,326065,65,2276
2021-04-11,BY,Belarus,EURO,8798,334863,68,2344
2021-04-18,BY,Belarus,EURO,8060,342923,69,2413
2021-04-25,BY,Belarus,EURO,8751,351674,70,2483
2021-05-02,BY,Belarus,EURO,8308,359982,69,2552
2021-05-09,BY,Belarus,EURO,7692,367674,70,2622
2021-05-16,BY,Belarus,EURO,7040,374714,69,2691
2021-05-23,BY,Belarus,EURO,10059,384773,70,2761
2021-05-30,BY,Belarus,EURO,6864,391637,60,2821
2021-06-06,BY,Belarus,EURO,7272,398909,79,2900
2021-06-13,BY,Belarus,EURO,5831,404740,69,2969
2021-06-20,BY,Belarus,EURO,5356,410096,66,3035
2021-06-27,BY,Belarus,EURO,4634,414730,68,3103
2021-07-04,BY,Belarus,EURO,5676,420406,72,3175
2021-07-11,BY,Belarus,EURO,6480,426886,72,3247
2021-07-18,BY,Belarus,EURO,6523,433409,69,3316
2021-07-25,BY,Belarus,EURO,6419,439828,69,3385
2021-08-01,BY,Belarus,EURO,6212,446040,69,3454
2021-08-08,BY,Belarus,EURO,6913,452953,69,3523
2021-08-15,BY,Belarus,EURO,7045,459998,70,3593
2021-08-22,BY,Belarus,EURO,8417,468415,77,3670
2021-08-29,BY,Belarus,EURO,9486,477901,75,3745
2021-09-05,BY,Belarus,EURO,11062,488963,81,3826
2021-09-12,BY,Belarus,EURO,12203,501166,79,3905
2021-09-19,BY,Belarus,EURO,13280,514446,86,3991
2021-09-26,BY,Belarus,EURO,13783,528229,90,4081
2021-10-03,BY,Belarus,EURO,13749,541978,92,4173
2021-10-10,BY,Belarus,EURO,13815,555793,102,4275
2021-10-17,BY,Belarus,EURO,14213,570006,111,4386
2021-10-24,BY,Belarus,EURO,14184,584190,113,4499
2021-10-31,BY,Belarus,EURO,13942,598132,115,4614
2021-11-07,BY,Belarus,EURO,13883,612015,116,4730
2021-11-14,BY,Belarus,EURO,13577,625592,104,4834
2021-11-21,BY,Belarus,EURO,12810,638402,98,4932
2021-11-28,BY,Belarus,EURO,11766,650168,109,5041
2021-12-05,BY,Belarus,EURO,11888,662056,106,5147
2021-12-12,BY,Belarus,EURO,11213,673269,114,5261
2021-12-19,BY,Belarus,EURO,9903,683172,110,5371
2021-12-26,BY,Belarus,EURO,9429,692601,113,5484
2022-01-02,BY,Belarus,EURO,7820,700421,110,5594
2022-01-09,BY,Belarus,EURO,7293,707714,105,5699
2022-01-16,BY,Belarus,EURO,6581,714295,109,5808
2022-01-23,BY,Belarus,EURO,10608,724903,108,5916
2022-01-30,BY,Belarus,EURO,13698,738601,108,6024
2022-02-06,BY,Belarus,EURO,30475,769076,108,6132
2022-02-13,BY,Belarus,EURO,53969,823045,105,6237
2022-02-20,BY,Belarus,EURO,52889,875934,111,6348
2022-02-27,BY,Belarus,EURO,37399,913333,106,6454
2022-03-06,BY,Belarus,EURO,16007,929340,96,6550
2022-03-13,BY,Belarus,EURO,10174,939514,97,6647
2022-03-20,BY,Belarus,EURO,10480,949994,69,6716
2022-03-27,BY,Belarus,EURO,8498,958492,52,6768
2022-04-03,BY,Belarus,EURO,6185,964677,68,6836
2022-04-10,BY,Belarus,EURO,4939,969616,36,6872
2022-04-17,BY,Belarus,EURO,4430,974046,27,6899
2022-04-24,BY,Belarus,EURO,3388,977434,23,6922
2022-05-01,BY,Belarus,EURO,2911,980345,25,6947
2022-05-08,BY,Belarus,EURO,1986,982331,22,6969
2022-05-15,BY,Belarus,EURO,536,982867,9,6978
2022-05-22,BY,Belarus,EURO,0,982867,0,6978
2022-05-29,BY,Belarus,EURO,0,982867,0,6978
2022-06-05,BY,Belarus,EURO,0,982867,0,6978
2022-06-12,BY,Belarus,EURO,0,982867,0,6978
2022-06-19,BY,Belarus,EURO,0,982867,0,6978
2022-06-26,BY,Belarus,EURO,0,982867,0,6978
2022-07-03,BY,Belarus,EURO,11170,994037,140,7118
2022-07-10,BY,Belarus,EURO,0,994037,0,7118
2022-07-17,BY,Belarus,EURO,0,994037,0,7118
2022-07-24,BY,Belarus,EURO,0,994037,0,7118
2022-07-31,BY,Belarus,EURO,0,994037,0,7118
2022-08-07,BY,Belarus,EURO,0,994037,0,7118
2022-08-14,BY,Belarus,EURO,0,994037,0,7118
2022-08-21,BY,Belarus,EURO,0,994037,0,7118
2022-08-28,BY,Belarus,EURO,0,994037,0,7118
2022-09-04,BY,Belarus,EURO,0,994037,0,7118
2022-09-11,BY,Belarus,EURO,0,994037,0,7118
2022-09-18,BY,Belarus,EURO,0,994037,0,7118
2022-09-25,BY,Belarus,EURO,0,994037,0,7118
2022-10-02,BY,Belarus,EURO,0,994037,0,7118
2022-10-09,BY,Belarus,EURO,0,994037,0,7118
2022-10-16,BY,Belarus,EURO,0,994037,0,7118
2022-10-23,BY,Belarus,EURO,0,994037,0,7118
2022-10-30,BY,Belarus,EURO,0,994037,0,7118
2022-11-06,BY,Belarus,EURO,0,994037,0,7118
2022-11-13,BY,Belarus,EURO,0,994037,0,7118
2022-11-20,BY,Belarus,EURO,0,994037,0,7118
2022-11-27,BY,Belarus,EURO,0,994037,0,7118
2022-12-04,BY,Belarus,EURO,0,994037,0,7118
2022-12-11,BY,Belarus,EURO,0,994037,0,7118
2022-12-18,BY,Belarus,EURO,0,994037,0,7118
2022-12-25,BY,Belarus,EURO,0,994037,0,7118
2023-01-01,BY,Belarus,EURO,0,994037,0,7118
2023-01-08,BY,Belarus,EURO,0,994037,0,7118
2023-01-15,BY,Belarus,EURO,0,994037,0,7118
2023-01-22,BY,Belarus,EURO,0,994037,0,7118
2023-01-29,BY,Belarus,EURO,0,994037,0,7118
2023-02-05,BY,Belarus,EURO,0,994037,0,7118
2023-02-12,BY,Belarus,EURO,0,994037,0,7118
2023-02-19,BY,Belarus,EURO,0,994037,0,7118
2023-02-26,BY,Belarus,EURO,0,994037,0,7118
2023-03-05,BY,Belarus,EURO,0,994037,0,7118
2023-03-12,BY,Belarus,EURO,0,994037,0,7118
2023-03-19,BY,Belarus,EURO,0,994037,0,7118
2023-03-26,BY,Belarus,EURO,0,994037,0,7118
2023-04-02,BY,Belarus,EURO,0,994037,0,7118
2023-04-09,BY,Belarus,EURO,0,994037,0,7118
2023-04-16,BY,Belarus,EURO,0,994037,0,7118
2023-04-23,BY,Belarus,EURO,0,994037,0,7118
2023-04-30,BY,Belarus,EURO,0,994037,0,7118
2023-05-07,BY,Belarus,EURO,0,994037,0,7118
2023-05-14,BY,Belarus,EURO,0,994037,0,7118
2023-05-21,BY,Belarus,EURO,0,994037,0,7118
2023-05-28,BY,Belarus,EURO,0,994037,0,7118
2023-06-04,BY,Belarus,EURO,0,994037,0,7118
2023-06-11,BY,Belarus,EURO,0,994037,0,7118
2023-06-18,BY,Belarus,EURO,0,994037,0,7118
2023-06-25,BY,Belarus,EURO,0,994037,0,7118
2023-07-02,BY,Belarus,EURO,0,994037,0,7118
2023-07-09,BY,Belarus,EURO,0,994037,0,7118
2023-07-16,BY,Belarus,EURO,0,994037,0,7118
2023-07-23,BY,Belarus,EURO,0,994037,0,7118
2023-07-30,BY,Belarus,EURO,0,994037,0,7118
2023-08-06,BY,Belarus,EURO,0,994037,0,7118
2023-08-13,BY,Belarus,EURO,0,994037,0,7118
2023-08-20,BY,Belarus,EURO,0,994037,0,7118
2023-08-27,BY,Belarus,EURO,0,994037,0,7118
2023-09-03,BY,Belarus,EURO,0,994037,0,7118
2023-09-10,BY,Belarus,EURO,0,994037,0,7118
2023-09-17,BY,Belarus,EURO,0,994037,0,7118
2023-09-24,BY,Belarus,EURO,0,994037,0,7118
2023-10-01,BY,Belarus,EURO,0,994037,0,7118
2023-10-08,BY,Belarus,EURO,0,994037,0,7118
2023-10-15,BY,Belarus,EURO,0,994037,0,7118
2023-10-22,BY,Belarus,EURO,0,994037,0,7118
2023-10-29,BY,Belarus,EURO,0,994037,0,7118
2023-11-05,BY,Belarus,EURO,0,994037,0,7118
2023-11-12,BY,Belarus,EURO,0,994037,0,7118
2023-11-19,BY,Belarus,EURO,0,994037,0,7118
2023-11-26,BY,Belarus,EURO,0,994037,0,7118
2023-12-03,BY,Belarus,EURO,0,994037,0,7118
2023-12-10,BY,Belarus,EURO,0,994037,0,7118
2023-12-17,BY,Belarus,EURO,0,994037,0,7118
2023-12-24,BY,Belarus,EURO,0,994037,0,7118
2023-12-31,BY,Belarus,EURO,0,994037,0,7118
2020-01-05,BE,Belgium,EURO,0,0,0,0
2020-01-12,BE,Belgium,EURO,0,0,0,0
2020-01-19,BE,Belgium,EURO,0,0,0,0
2020-01-26,BE,Belgium,EURO,0,0,0,0
2020-02-02,BE,Belgium,EURO,0,0,0,0
2020-02-09,BE,Belgium,EURO,1,1,0,0
2020-02-16,BE,Belgium,EURO,0,1,0,0
2020-02-23,BE,Belgium,EURO,0,1,0,0
2020-03-01,BE,Belgium,EURO,0,1,0,0
2020-03-08,BE,Belgium,EURO,315,316,0,0
2020-03-15,BE,Belgium,EURO,1046,1362,9,9
2020-03-22,BE,Belgium,EURO,3111,4473,140,149
2020-03-29,BE,Belgium,EURO,7558,12031,602,751
2020-04-05,BE,Belgium,EURO,9634,21665,1357,2108
2020-04-12,BE,Belgium,EURO,11209,32874,1938,4046
2020-04-19,BE,Belgium,EURO,8351,41225,1820,5866
2020-04-26,BE,Belgium,EURO,6275,47500,1285,7151
2020-05-03,BE,Belgium,EURO,3262,50762,830,7981
2020-05-10,BE,Belgium,EURO,3119,53881,571,8552
2020-05-17,BE,Belgium,EURO,2201,56082,414,8966
2020-05-24,BE,Belgium,EURO,1540,57622,246,9212
2020-05-31,BE,Belgium,EURO,1232,58854,181,9393
2020-06-07,BE,Belgium,EURO,835,59689,141,9534
2020-06-14,BE,Belgium,EURO,722,60411,79,9613
2020-06-21,BE,Belgium,EURO,669,61080,44,9657
2020-06-28,BE,Belgium,EURO,612,61692,40,9697
2020-07-05,BE,Belgium,EURO,614,62306,33,9730
2020-07-12,BE,Belgium,EURO,687,62993,13,9743
2020-07-19,BE,Belgium,EURO,1296,64289,22,9765
2020-07-26,BE,Belgium,EURO,2270,66559,17,9782
2020-08-02,BE,Belgium,EURO,3715,70274,20,9802
2020-08-09,BE,Belgium,EURO,4371,74645,34,9836
2020-08-16,BE,Belgium,EURO,3882,78527,67,9903
2020-08-23,BE,Belgium,EURO,3430,81957,53,9956
2020-08-30,BE,Belgium,EURO,3127,85084,31,9987
2020-09-06,BE,Belgium,EURO,3490,88574,22,10009
2020-09-13,BE,Belgium,EURO,5717,94291,21,10030
2020-09-20,BE,Belgium,EURO,9672,103963,20,10050
2020-09-27,BE,Belgium,EURO,11145,115108,33,10083
2020-10-04,BE,Belgium,EURO,17885,132993,76,10159
2020-10-11,BE,Belgium,EURO,35324,168317,125,10284
2020-10-18,BE,Belgium,EURO,67672,235989,237,10521
2020-10-25,BE,Belgium,EURO,101847,337836,366,10887
2020-11-01,BE,Belgium,EURO,106752,444588,915,11802
2020-11-08,BE,Belgium,EURO,58229,502817,1354,13156
2020-11-15,BE,Belgium,EURO,34794,537611,1381,14537
2020-11-22,BE,Belgium,EURO,23781,561392,1224,15761
2020-11-29,BE,Belgium,EURO,16348,577740,924,16685
2020-12-06,BE,Belgium,EURO,14990,592730,773,17458
2020-12-13,BE,Belgium,EURO,15997,608727,663,18121
2020-12-20,BE,Belgium,EURO,17504,626231,655,18776
2020-12-27,BE,Belgium,EURO,12529,638760,598,19374
2021-01-03,BE,Belgium,EURO,10587,649347,478,19852
2021-01-10,BE,Belgium,EURO,13335,662682,387,20239
2021-01-17,BE,Belgium,EURO,13362,676044,364,20603
2021-01-24,BE,Belgium,EURO,14307,690351,360,20963
2021-01-31,BE,Belgium,EURO,16127,706478,345,21308
2021-02-07,BE,Belgium,EURO,15414,721892,287,21595
2021-02-14,BE,Belgium,EURO,12643,734535,279,21874
2021-02-21,BE,Belgium,EURO,14680,749215,252,22126
2021-02-28,BE,Belgium,EURO,16796,766011,165,22291
2021-03-07,BE,Belgium,EURO,16333,782344,192,22483
2021-03-14,BE,Belgium,EURO,20001,802345,174,22657
2021-03-21,BE,Belgium,EURO,28468,830813,180,22837
2021-03-28,BE,Belgium,EURO,33670,864483,187,23024
2021-04-04,BE,Belgium,EURO,30410,894893,232,23256
2021-04-11,BE,Belgium,EURO,24742,919635,301,23557
2021-04-18,BE,Belgium,EURO,24408,944043,275,23832
2021-04-25,BE,Belgium,EURO,25035,969078,272,24104
2021-05-02,BE,Belgium,EURO,21346,990424,273,24377
2021-05-09,BE,Belgium,EURO,20880,1011304,247,24624
2021-05-16,BE,Belgium,EURO,15229,1026533,179,24803
2021-05-23,BE,Belgium,EURO,16785,1043318,140,24943
2021-05-30,BE,Belgium,EURO,12669,1055987,95,25038
2021-06-06,BE,Belgium,EURO,9742,1065729,99,25137
2021-06-13,BE,Belgium,EURO,5708,1071437,60,25197
2021-06-20,BE,Belgium,EURO,3192,1074629,44,25241
2021-06-27,BE,Belgium,EURO,2393,1077022,32,25273
2021-07-04,BE,Belgium,EURO,3624,1080646,22,25295
2021-07-11,BE,Belgium,EURO,6617,1087263,13,25308
2021-07-18,BE,Belgium,EURO,9384,1096647,12,25320
2021-07-25,BE,Belgium,EURO,10389,1107036,11,25331
2021-08-01,BE,Belgium,EURO,10985,1118021,24,25355
2021-08-08,BE,Belgium,EURO,12286,1130307,24,25379
2021-08-15,BE,Belgium,EURO,13436,1143743,23,25402
2021-08-22,BE,Belgium,EURO,13713,1157456,36,25438
2021-08-29,BE,Belgium,EURO,14154,1171610,40,25478
2021-09-05,BE,Belgium,EURO,13996,1185606,37,25515
2021-09-12,BE,Belgium,EURO,13755,1199361,56,25571
2021-09-19,BE,Belgium,EURO,14553,1213914,42,25613
2021-09-26,BE,Belgium,EURO,13625,1227539,56,25669
2021-10-03,BE,Belgium,EURO,13444,1240983,58,25727
2021-10-10,BE,Belgium,EURO,14524,1255507,66,25793
2021-10-17,BE,Belgium,EURO,21273,1276780,82,25875
2021-10-24,BE,Belgium,EURO,37375,1314155,98,25973
2021-10-31,BE,Belgium,EURO,53380,1367535,154,26127
2021-11-07,BE,Belgium,EURO,55358,1422893,146,26273
2021-11-14,BE,Belgium,EURO,70372,1493265,197,26470
2021-11-21,BE,Belgium,EURO,109038,1602303,240,26710
2021-11-28,BE,Belgium,EURO,125241,1727544,281,26991
2021-12-05,BE,Belgium,EURO,120571,1848115,346,27337
2021-12-12,BE,Belgium,EURO,93713,1941828,328,27665
2021-12-19,BE,Belgium,EURO,60686,2002514,273,27938
2021-12-26,BE,Belgium,EURO,45596,2048110,254,28192
2022-01-02,BE,Belgium,EURO,76996,2125106,170,28362
2022-01-09,BE,Belgium,EURO,142541,2267647,131,28493
2022-01-16,BE,Belgium,EURO,189412,2457059,150,28643
2022-01-23,BE,Belgium,EURO,334758,2791817,171,28814
2022-01-30,BE,Belgium,EURO,336348,3128165,210,29024
2022-02-06,BE,Belgium,EURO,202844,3331009,287,29311
2022-02-13,BE,Belgium,EURO,110136,3441145,325,29636
2022-02-20,BE,Belgium,EURO,67474,3508619,292,29928
2022-02-27,BE,Belgium,EURO,46661,3555280,174,30102
2022-03-06,BE,Belgium,EURO,42733,3598013,139,30241
2022-03-13,BE,Belgium,EURO,56086,3654099,142,30383
2022-03-20,BE,Belgium,EURO,71510,3725609,130,30513
2022-03-27,BE,Belgium,EURO,79185,3804794,152,30665
2022-04-03,BE,Belgium,EURO,73163,3877957,169,30834
2022-04-10,BE,Belgium,EURO,64176,3942133,176,31010
2022-04-17,BE,Belgium,EURO,53684,3995817,164,31174
2022-04-24,BE,Belgium,EURO,42050,4037867,138,31312
2022-05-01,BE,Belgium,EURO,33693,4071560,111,31423
2022-05-08,BE,Belgium,EURO,31079,4102639,107,31530
2022-05-15,BE,Belgium,EURO,26107,4128746,64,31594
2022-05-22,BE,Belgium,EURO,16893,4145639,58,31652
2022-05-29,BE,Belgium,EURO,9459,4155098,48,31700
2022-06-05,BE,Belgium,EURO,11121,4166219,43,31743
2022-06-12,BE,Belgium,EURO,13293,4179512,44,31787
2022-06-19,BE,Belgium,EURO,19471,4198983,38,31825
2022-06-26,BE,Belgium,EURO,27121,4226104,33,31858
2022-07-03,BE,Belgium,EURO,39113,4265217,57,31915
2022-07-10,BE,Belgium,EURO,54259,4319476,54,31969
2022-07-17,BE,Belgium,EURO,50068,4369544,79,32048
2022-07-24,BE,Belgium,EURO,30244,4399788,77,32125
2022-07-31,BE,Belgium,EURO,28023,4427811,99,32224
2022-08-07,BE,Belgium,EURO,20468,4448279,71,32295
2022-08-14,BE,Belgium,EURO,15148,4463427,69,32364
2022-08-21,BE,Belgium,EURO,12031,4475458,65,32429
2022-08-28,BE,Belgium,EURO,10917,4486375,50,32479
2022-09-04,BE,Belgium,EURO,10473,4496848,40,32519
2022-09-11,BE,Belgium,EURO,11341,4508189,35,32554
2022-09-18,BE,Belgium,EURO,13019,4521208,46,32600
2022-09-25,BE,Belgium,EURO,15764,4536972,20,32620
2022-10-02,BE,Belgium,EURO,20014,4556986,27,32647
2022-10-09,BE,Belgium,EURO,22321,4579307,50,32697
2022-10-16,BE,Belgium,EURO,19437,4598744,69,32766
2022-10-23,BE,Belgium,EURO,13434,4612178,65,32831
2022-10-30,BE,Belgium,EURO,8326,4620504,50,32881
2022-11-06,BE,Belgium,EURO,4596,4625100,40,32921
2022-11-13,BE,Belgium,EURO,4600,4629700,33,32954
2022-11-20,BE,Belgium,EURO,5268,4634968,38,32992
2022-11-27,BE,Belgium,EURO,6650,4641618,27,33019
2022-12-04,BE,Belgium,EURO,8170,4649788,21,33040
2022-12-11,BE,Belgium,EURO,9710,4659498,45,33085
2022-12-18,BE,Belgium,EURO,10121,4669619,70,33155
2022-12-25,BE,Belgium,EURO,9853,4679472,85,33240
2023-01-01,BE,Belgium,EURO,6375,4685847,96,33336
2023-01-08,BE,Belgium,EURO,4684,4690531,72,33408
2023-01-15,BE,Belgium,EURO,3088,4693619,62,33470
2023-01-22,BE,Belgium,EURO,2442,4696061,36,33506
2023-01-29,BE,Belgium,EURO,3167,4699228,31,33537
2023-02-05,BE,Belgium,EURO,4830,4704058,21,33558
2023-02-12,BE,Belgium,EURO,6208,4710266,48,33606
2023-02-19,BE,Belgium,EURO,8813,4719079,48,33654
2023-02-26,BE,Belgium,EURO,9732,4728811,59,33713
2023-03-05,BE,Belgium,EURO,10777,4739588,57,33770
2023-03-12,BE,Belgium,EURO,12484,4752072,57,33827
2023-03-19,BE,Belgium,EURO,11577,4763649,77,33904
2023-03-26,BE,Belgium,EURO,9908,4773557,84,33988
2023-04-02,BE,Belgium,EURO,7120,4780677,69,34057
2023-04-09,BE,Belgium,EURO,5044,4785721,52,34109
2023-04-16,BE,Belgium,EURO,3691,4789412,35,34144
2023-04-23,BE,Belgium,EURO,3194,4792606,30,34174
2023-04-30,BE,Belgium,EURO,2492,4795098,43,34217
2023-05-07,BE,Belgium,EURO,1717,4796815,31,34248
2023-05-14,BE,Belgium,EURO,1361,4798176,19,34267
2023-05-21,BE,Belgium,EURO,956,4799132,23,34290
2023-05-28,BE,Belgium,EURO,873,4800005,17,34307
2023-06-04,BE,Belgium,EURO,547,4800552,10,34317
2023-06-11,BE,Belgium,EURO,532,4801084,7,34324
2023-06-18,BE,Belgium,EURO,332,4801416,8,34332
2023-06-25,BE,Belgium,EURO,236,4801652,6,34338
2023-07-02,BE,Belgium,EURO,180,4801832,1,34339
2023-07-09,BE,Belgium,EURO,160,4801992,0,34339
2023-07-16,BE,Belgium,EURO,225,4802217,0,34339
2023-07-23,BE,Belgium,EURO,193,4802410,0,34339
2023-07-30,BE,Belgium,EURO,330,4802740,0,34339
2023-08-06,BE,Belgium,EURO,513,4803253,0,34339
2023-08-13,BE,Belgium,EURO,820,4804073,0,34339
2023-08-20,BE,Belgium,EURO,1232,4805305,0,34339
2023-08-27,BE,Belgium,EURO,1622,4806927,0,34339
2023-09-03,BE,Belgium,EURO,2006,4808933,0,34339
2023-09-10,BE,Belgium,EURO,2729,4811662,0,34339
2023-09-17,BE,Belgium,EURO,2546,4814208,0,34339
2023-09-24,BE,Belgium,EURO,2348,4816556,0,34339
2023-10-01,BE,Belgium,EURO,2373,4818929,0,34339
2023-10-08,BE,Belgium,EURO,2220,4821149,0,34339
2023-10-15,BE,Belgium,EURO,2045,4823194,0,34339
2023-10-22,BE,Belgium,EURO,1780,4824974,0,34339
2023-10-29,BE,Belgium,EURO,1756,4826730,0,34339
2023-11-05,BE,Belgium,EURO,1350,4828080,0,34339
2023-11-12,BE,Belgium,EURO,1389,4829469,0,34339
2023-11-19,BE,Belgium,EURO,1463,4830932,0,34339
2023-11-26,BE,Belgium,EURO,1671,4832603,0,34339
2023-12-03,BE,Belgium,EURO,2219,4834822,0,34339
2023-12-10,BE,Belgium,EURO,3268,4838090,0,34339
2023-12-17,BE,Belgium,EURO,3844,4841934,0,34339
2023-12-24,BE,Belgium,EURO,0,4841934,0,34339
2023-12-31,BE,Belgium,EURO,0,4841934,0,34339
2020-01-05,BZ,Belize,AMRO,0,0,0,0
2020-01-12,BZ,Belize,AMRO,0,0,0,0
2020-01-19,BZ,Belize,AMRO,0,0,0,0
2020-01-26,BZ,Belize,AMRO,0,0,0,0
2020-02-02,BZ,Belize,AMRO,0,0,0,0
2020-02-09,BZ,Belize,AMRO,0,0,0,0
2020-02-16,BZ,Belize,AMRO,0,0,0,0
2020-02-23,BZ,Belize,AMRO,0,0,0,0
2020-03-01,BZ,Belize,AMRO,0,0,0,0
2020-03-08,BZ,Belize,AMRO,0,0,0,0
2020-03-15,BZ,Belize,AMRO,0,0,0,0
2020-03-22,BZ,Belize,AMRO,0,0,0,0
2020-03-29,BZ,Belize,AMRO,2,2,0,0
2020-04-05,BZ,Belize,AMRO,2,4,0,0
2020-04-12,BZ,Belize,AMRO,6,10,2,2
2020-04-19,BZ,Belize,AMRO,8,18,0,2
2020-04-26,BZ,Belize,AMRO,0,18,0,2
2020-05-03,BZ,Belize,AMRO,0,18,0,2
2020-05-10,BZ,Belize,AMRO,0,18,0,2
2020-05-17,BZ,Belize,AMRO,0,18,0,2
2020-05-24,BZ,Belize,AMRO,0,18,0,2
2020-05-31,BZ,Belize,AMRO,0,18,0,2
2020-06-07,BZ,Belize,AMRO,1,19,0,2
2020-06-14,BZ,Belize,AMRO,1,20,0,2
2020-06-21,BZ,Belize,AMRO,2,22,0,2
2020-06-28,BZ,Belize,AMRO,2,24,0,2
2020-07-05,BZ,Belize,AMRO,6,30,0,2
2020-07-12,BZ,Belize,AMRO,7,37,0,2
2020-07-19,BZ,Belize,AMRO,3,40,0,2
2020-07-26,BZ,Belize,AMRO,8,48,0,2
2020-08-02,BZ,Belize,AMRO,0,48,0,2
2020-08-09,BZ,Belize,AMRO,98,146,0,2
2020-08-16,BZ,Belize,AMRO,242,388,1,3
2020-08-23,BZ,Belize,AMRO,260,648,2,5
2020-08-30,BZ,Belize,AMRO,222,870,7,12
2020-09-06,BZ,Belize,AMRO,282,1152,3,15
2020-09-13,BZ,Belize,AMRO,283,1435,4,19
2020-09-20,BZ,Belize,AMRO,155,1590,1,20
2020-09-27,BZ,Belize,AMRO,218,1808,3,23
2020-10-04,BZ,Belize,AMRO,272,2080,5,28
2020-10-11,BZ,Belize,AMRO,347,2427,7,35
2020-10-18,BZ,Belize,AMRO,301,2728,8,43
2020-10-25,BZ,Belize,AMRO,322,3050,4,47
2020-11-01,BZ,Belize,AMRO,412,3462,11,58
2020-11-08,BZ,Belize,AMRO,554,4016,9,67
2020-11-15,BZ,Belize,AMRO,699,4715,18,85
2020-11-22,BZ,Belize,AMRO,341,5056,22,107
2020-11-29,BZ,Belize,AMRO,531,5587,34,141
2020-12-06,BZ,Belize,AMRO,1796,7383,29,170
2020-12-13,BZ,Belize,AMRO,1582,8965,15,185
2020-12-20,BZ,Belize,AMRO,964,9929,30,215
2020-12-27,BZ,Belize,AMRO,561,10490,13,228
2021-01-03,BZ,Belize,AMRO,317,10807,21,249
2021-01-10,BZ,Belize,AMRO,395,11202,22,271
2021-01-17,BZ,Belize,AMRO,327,11529,10,281
2021-01-24,BZ,Belize,AMRO,171,11700,9,290
2021-01-31,BZ,Belize,AMRO,177,11877,11,301
2021-02-07,BZ,Belize,AMRO,136,12013,5,306
2021-02-14,BZ,Belize,AMRO,121,12134,7,313
2021-02-21,BZ,Belize,AMRO,93,12227,1,314
2021-02-28,BZ,Belize,AMRO,66,12293,0,314
2021-03-07,BZ,Belize,AMRO,42,12335,1,315
2021-03-14,BZ,Belize,AMRO,35,12370,1,316
2021-03-21,BZ,Belize,AMRO,30,12400,0,316
2021-03-28,BZ,Belize,AMRO,15,12415,1,317
2021-04-04,BZ,Belize,AMRO,41,12456,0,317
2021-04-11,BZ,Belize,AMRO,31,12487,1,318
2021-04-18,BZ,Belize,AMRO,51,12538,0,318
2021-04-25,BZ,Belize,AMRO,61,12599,3,321
2021-05-02,BZ,Belize,AMRO,69,12668,2,323
2021-05-09,BZ,Belize,AMRO,18,12686,0,323
2021-05-16,BZ,Belize,AMRO,28,12714,0,323
2021-05-23,BZ,Belize,AMRO,50,12764,0,323
2021-05-30,BZ,Belize,AMRO,27,12791,1,324
2021-06-06,BZ,Belize,AMRO,70,12861,1,325
2021-06-13,BZ,Belize,AMRO,77,12938,0,325
2021-06-20,BZ,Belize,AMRO,66,13004,3,328
2021-06-27,BZ,Belize,AMRO,133,13137,1,329
2021-07-04,BZ,Belize,AMRO,206,13343,1,330
2021-07-11,BZ,Belize,AMRO,175,13518,0,330
2021-07-18,BZ,Belize,AMRO,165,13683,2,332
2021-07-25,BZ,Belize,AMRO,234,13917,0,332
2021-08-01,BZ,Belize,AMRO,246,14163,5,337
2021-08-08,BZ,Belize,AMRO,275,14438,2,339
2021-08-15,BZ,Belize,AMRO,409,14847,5,344
2021-08-22,BZ,Belize,AMRO,568,15415,7,351
2021-08-29,BZ,Belize,AMRO,597,16012,5,356
2021-09-05,BZ,Belize,AMRO,738,16750,7,363
2021-09-12,BZ,Belize,AMRO,655,17405,10,373
2021-09-19,BZ,Belize,AMRO,1127,18532,16,389
2021-09-26,BZ,Belize,AMRO,1068,19600,13,402
2021-10-03,BZ,Belize,AMRO,1403,21003,16,418
2021-10-10,BZ,Belize,AMRO,1184,22187,13,431
2021-10-17,BZ,Belize,AMRO,1803,23990,30,461
2021-10-24,BZ,Belize,AMRO,1455,25445,12,473
2021-10-31,BZ,Belize,AMRO,1353,26798,18,491
2021-11-07,BZ,Belize,AMRO,1096,27894,18,509
2021-11-14,BZ,Belize,AMRO,1005,28899,25,534
2021-11-21,BZ,Belize,AMRO,602,29501,24,558
2021-11-28,BZ,Belize,AMRO,664,30165,12,570
2021-12-05,BZ,Belize,AMRO,515,30680,9,579
2021-12-12,BZ,Belize,AMRO,353,31033,7,586
2021-12-19,BZ,Belize,AMRO,213,31246,3,589
2021-12-26,BZ,Belize,AMRO,257,31503,3,592
2022-01-02,BZ,Belize,AMRO,1337,32840,10,602
2022-01-09,BZ,Belize,AMRO,2962,35802,3,605
2022-01-16,BZ,Belize,AMRO,4810,40612,3,608
2022-01-23,BZ,Belize,AMRO,5141,45753,8,616
2022-01-30,BZ,Belize,AMRO,4734,50487,9,625
2022-02-06,BZ,Belize,AMRO,3057,53544,4,629
2022-02-13,BZ,Belize,AMRO,1639,55183,2,631
2022-02-20,BZ,Belize,AMRO,896,56079,10,641
2022-02-27,BZ,Belize,AMRO,518,56597,9,650
2022-03-06,BZ,Belize,AMRO,279,56876,1,651
2022-03-13,BZ,Belize,AMRO,158,57034,1,652
2022-03-20,BZ,Belize,AMRO,109,57143,2,654
2022-03-27,BZ,Belize,AMRO,88,57231,0,654
2022-04-03,BZ,Belize,AMRO,58,57289,2,656
2022-04-10,BZ,Belize,AMRO,-2,57287,8,664
2022-04-17,BZ,Belize,AMRO,44,57331,8,672
2022-04-24,BZ,Belize,AMRO,88,57419,4,676
2022-05-01,BZ,Belize,AMRO,72,57491,0,676
2022-05-08,BZ,Belize,AMRO,121,57612,0,676
2022-05-15,BZ,Belize,AMRO,284,57896,0,676
2022-05-22,BZ,Belize,AMRO,523,58419,1,677
2022-05-29,BZ,Belize,AMRO,630,59049,0,677
2022-06-05,BZ,Belize,AMRO,739,59788,1,678
2022-06-12,BZ,Belize,AMRO,1075,60863,0,678
2022-06-19,BZ,Belize,AMRO,1055,61918,0,678
2022-06-26,BZ,Belize,AMRO,1119,63037,1,679
2022-07-03,BZ,Belize,AMRO,1101,64138,1,680
2022-07-10,BZ,Belize,AMRO,810,64948,0,680
2022-07-17,BZ,Belize,AMRO,1046,65994,0,680
2022-07-24,BZ,Belize,AMRO,627,66621,0,680
2022-07-31,BZ,Belize,AMRO,490,67111,0,680
2022-08-07,BZ,Belize,AMRO,313,67424,0,680
2022-08-14,BZ,Belize,AMRO,206,67630,0,680
2022-08-21,BZ,Belize,AMRO,261,67891,0,680
2022-08-28,BZ,Belize,AMRO,296,68187,0,680
2022-09-04,BZ,Belize,AMRO,163,68350,0,680
2022-09-11,BZ,Belize,AMRO,123,68473,0,680
2022-09-18,BZ,Belize,AMRO,231,68704,0,680
2022-09-25,BZ,Belize,AMRO,80,68784,3,683
2022-10-02,BZ,Belize,AMRO,70,68854,3,686
2022-10-09,BZ,Belize,AMRO,30,68884,0,686
2022-10-16,BZ,Belize,AMRO,25,68909,0,686
2022-10-23,BZ,Belize,AMRO,17,68926,1,687
2022-10-30,BZ,Belize,AMRO,17,68943,0,687
2022-11-06,BZ,Belize,AMRO,14,68957,0,687
2022-11-13,BZ,Belize,AMRO,15,68972,0,687
2022-11-20,BZ,Belize,AMRO,16,68988,0,687
2022-11-27,BZ,Belize,AMRO,24,69012,1,688
2022-12-04,BZ,Belize,AMRO,36,69048,0,688
2022-12-11,BZ,Belize,AMRO,69,69117,0,688
2022-12-18,BZ,Belize,AMRO,259,69376,0,688
2022-12-25,BZ,Belize,AMRO,299,69675,0,688
2023-01-01,BZ,Belize,AMRO,271,69946,0,688
2023-01-08,BZ,Belize,AMRO,228,70174,0,688
2023-01-15,BZ,Belize,AMRO,223,70397,0,688
2023-01-22,BZ,Belize,AMRO,158,70555,0,688
2023-01-29,BZ,Belize,AMRO,55,70610,0,688
2023-02-05,BZ,Belize,AMRO,50,70660,0,688
2023-02-12,BZ,Belize,AMRO,37,70697,0,688
2023-02-19,BZ,Belize,AMRO,24,70721,0,688
2023-02-26,BZ,Belize,AMRO,19,70740,0,688
2023-03-05,BZ,Belize,AMRO,17,70757,0,688
2023-03-12,BZ,Belize,AMRO,25,70782,0,688
2023-03-19,BZ,Belize,AMRO,0,70782,0,688
2023-03-26,BZ,Belize,AMRO,0,70782,0,688
2023-04-02,BZ,Belize,AMRO,0,70782,0,688
2023-04-09,BZ,Belize,AMRO,0,70782,0,688
2023-04-16,BZ,Belize,AMRO,0,70782,0,688
2023-04-23,BZ,Belize,AMRO,0,70782,0,688
2023-04-30,BZ,Belize,AMRO,0,70782,0,688
2023-05-07,BZ,Belize,AMRO,0,70782,0,688
2023-05-14,BZ,Belize,AMRO,0,70782,0,688
2023-05-21,BZ,Belize,AMRO,0,70782,0,688
2023-05-28,BZ,Belize,AMRO,11,70793,0,688
2023-06-04,BZ,Belize,AMRO,7,70800,0,688
2023-06-11,BZ,Belize,AMRO,28,70828,0,688
2023-06-18,BZ,Belize,AMRO,28,70856,0,688
2023-06-25,BZ,Belize,AMRO,29,70885,0,688
2023-07-02,BZ,Belize,AMRO,33,70918,0,688
2023-07-09,BZ,Belize,AMRO,20,70938,0,688
2023-07-16,BZ,Belize,AMRO,41,70979,0,688
2023-07-23,BZ,Belize,AMRO,21,71000,0,688
2023-07-30,BZ,Belize,AMRO,42,71042,0,688
2023-08-06,BZ,Belize,AMRO,53,71095,0,688
2023-08-13,BZ,Belize,AMRO,59,71154,0,688
2023-08-20,BZ,Belize,AMRO,88,71242,0,688
2023-08-27,BZ,Belize,AMRO,20,71262,0,688
2023-09-03,BZ,Belize,AMRO,52,71314,0,688
2023-09-10,BZ,Belize,AMRO,29,71343,0,688
2023-09-17,BZ,Belize,AMRO,18,71361,0,688
2023-09-24,BZ,Belize,AMRO,12,71373,0,688
2023-10-01,BZ,Belize,AMRO,0,71373,0,688
2023-10-08,BZ,Belize,AMRO,0,71373,0,688
2023-10-15,BZ,Belize,AMRO,0,71373,0,688
2023-10-22,BZ,Belize,AMRO,0,71373,0,688
2023-10-29,BZ,Belize,AMRO,0,71373,0,688
2023-11-05,BZ,Belize,AMRO,0,71373,0,688
2023-11-12,BZ,Belize,AMRO,0,71373,0,688
2023-11-19,BZ,Belize,AMRO,0,71373,0,688
2023-11-26,BZ,Belize,AMRO,0,71373,0,688
2023-12-03,BZ,Belize,AMRO,0,71373,0,688
2023-12-10,BZ,Belize,AMRO,0,71373,0,688
2023-12-17,BZ,Belize,AMRO,0,71373,0,688
2023-12-24,BZ,Belize,AMRO,0,71373,0,688
2023-12-31,BZ,Belize,AMRO,0,71373,0,688
2020-01-05,BJ,Benin,AFRO,0,0,0,0
2020-01-12,BJ,Benin,AFRO,0,0,0,0
2020-01-19,BJ,Benin,AFRO,0,0,0,0
2020-01-26,BJ,Benin,AFRO,0,0,0,0
2020-02-02,BJ,Benin,AFRO,0,0,0,0
2020-02-09,BJ,Benin,AFRO,0,0,0,0
2020-02-16,BJ,Benin,AFRO,0,0,0,0
2020-02-23,BJ,Benin,AFRO,0,0,0,0
2020-03-01,BJ,Benin,AFRO,0,0,0,0
2020-03-08,BJ,Benin,AFRO,0,0,0,0
2020-03-15,BJ,Benin,AFRO,0,0,0,0
2020-03-22,BJ,Benin,AFRO,2,2,0,0
2020-03-29,BJ,Benin,AFRO,1,3,0,0
2020-04-05,BJ,Benin,AFRO,10,13,0,0
2020-04-12,BJ,Benin,AFRO,22,35,0,0
2020-04-19,BJ,Benin,AFRO,19,54,0,0
2020-04-26,BJ,Benin,AFRO,6,60,0,0
2020-05-03,BJ,Benin,AFRO,30,90,2,2
2020-05-10,BJ,Benin,AFRO,21,111,0,2
2020-05-17,BJ,Benin,AFRO,20,131,0,2
2020-05-24,BJ,Benin,AFRO,6,137,1,3
2020-05-31,BJ,Benin,AFRO,102,239,0,3
2020-06-07,BJ,Benin,AFRO,29,268,1,4
2020-06-14,BJ,Benin,AFRO,202,470,2,6
2020-06-21,BJ,Benin,AFRO,295,765,7,13
2020-06-28,BJ,Benin,AFRO,384,1149,3,16
2020-07-05,BJ,Benin,AFRO,50,1199,5,21
2020-07-12,BJ,Benin,AFRO,179,1378,5,26
2020-07-19,BJ,Benin,AFRO,224,1602,5,31
2020-07-26,BJ,Benin,AFRO,168,1770,4,35
2020-08-02,BJ,Benin,AFRO,139,1909,3,38
2020-08-09,BJ,Benin,AFRO,27,1936,0,38
2020-08-16,BJ,Benin,AFRO,127,2063,1,39
2020-08-23,BJ,Benin,AFRO,52,2115,0,39
2020-08-30,BJ,Benin,AFRO,30,2145,1,40
2020-09-06,BJ,Benin,AFRO,68,2213,0,40
2020-09-13,BJ,Benin,AFRO,29,2242,0,40
2020-09-20,BJ,Benin,AFRO,38,2280,0,40
2020-09-27,BJ,Benin,AFRO,45,2325,0,40
2020-10-04,BJ,Benin,AFRO,32,2357,1,41
2020-10-11,BJ,Benin,AFRO,54,2411,0,41
2020-10-18,BJ,Benin,AFRO,85,2496,0,41
2020-10-25,BJ,Benin,AFRO,61,2557,0,41
2020-11-01,BJ,Benin,AFRO,86,2643,0,41
2020-11-08,BJ,Benin,AFRO,102,2745,2,43
2020-11-15,BJ,Benin,AFRO,99,2844,0,43
2020-11-22,BJ,Benin,AFRO,72,2916,0,43
2020-11-29,BJ,Benin,AFRO,58,2974,0,43
2020-12-06,BJ,Benin,AFRO,81,3055,1,44
2020-12-13,BJ,Benin,AFRO,35,3090,0,44
2020-12-20,BJ,Benin,AFRO,62,3152,0,44
2020-12-27,BJ,Benin,AFRO,53,3205,0,44
2021-01-03,BJ,Benin,AFRO,46,3251,0,44
2021-01-10,BJ,Benin,AFRO,53,3304,0,44
2021-01-17,BJ,Benin,AFRO,109,3413,2,46
2021-01-24,BJ,Benin,AFRO,230,3643,2,48
2021-01-31,BJ,Benin,AFRO,143,3786,0,48
2021-02-07,BJ,Benin,AFRO,407,4193,7,55
2021-02-14,BJ,Benin,AFRO,367,4560,1,56
2021-02-21,BJ,Benin,AFRO,583,5143,9,65
2021-02-28,BJ,Benin,AFRO,491,5634,5,70
2021-03-07,BJ,Benin,AFRO,437,6071,5,75
2021-03-14,BJ,Benin,AFRO,430,6501,6,81
2021-03-21,BJ,Benin,AFRO,317,6818,9,90
2021-03-28,BJ,Benin,AFRO,282,7100,0,90
2021-04-04,BJ,Benin,AFRO,213,7313,3,93
2021-04-11,BJ,Benin,AFRO,202,7515,0,93
2021-04-18,BJ,Benin,AFRO,96,7611,3,96
2021-04-25,BJ,Benin,AFRO,109,7720,1,97
2021-05-02,BJ,Benin,AFRO,101,7821,2,99
2021-05-09,BJ,Benin,AFRO,74,7895,1,100
2021-05-16,BJ,Benin,AFRO,89,7984,1,101
2021-05-23,BJ,Benin,AFRO,41,8025,0,101
2021-05-30,BJ,Benin,AFRO,33,8058,0,101
2021-06-06,BJ,Benin,AFRO,24,8082,1,102
2021-06-13,BJ,Benin,AFRO,27,8109,0,102
2021-06-20,BJ,Benin,AFRO,31,8140,1,103
2021-06-27,BJ,Benin,AFRO,30,8170,1,104
2021-07-04,BJ,Benin,AFRO,29,8199,0,104
2021-07-11,BJ,Benin,AFRO,28,8227,1,105
2021-07-18,BJ,Benin,AFRO,17,8244,2,107
2021-07-25,BJ,Benin,AFRO,80,8324,0,107
2021-08-01,BJ,Benin,AFRO,70,8394,1,108
2021-08-08,BJ,Benin,AFRO,214,8608,2,110
2021-08-15,BJ,Benin,AFRO,457,9065,3,113
2021-08-22,BJ,Benin,AFRO,1118,10183,6,119
2021-08-29,BJ,Benin,AFRO,2309,12492,8,127
2021-09-05,BJ,Benin,AFRO,4454,16946,8,135
2021-09-12,BJ,Benin,AFRO,2344,19290,6,141
2021-09-19,BJ,Benin,AFRO,2160,21450,5,146
2021-09-26,BJ,Benin,AFRO,1508,22958,8,154
2021-10-03,BJ,Benin,AFRO,932,23890,5,159
2021-10-10,BJ,Benin,AFRO,445,24335,0,159
2021-10-17,BJ,Benin,AFRO,225,24560,2,161
2021-10-24,BJ,Benin,AFRO,118,24678,0,161
2021-10-31,BJ,Benin,AFRO,71,24749,0,161
2021-11-07,BJ,Benin,AFRO,55,24804,0,161
2021-11-14,BJ,Benin,AFRO,23,24827,0,161
2021-11-21,BJ,Benin,AFRO,19,24846,0,161
2021-11-28,BJ,Benin,AFRO,4,24850,0,161
2021-12-05,BJ,Benin,AFRO,13,24863,0,161
2021-12-12,BJ,Benin,AFRO,34,24897,0,161
2021-12-19,BJ,Benin,AFRO,10,24907,0,161
2021-12-26,BJ,Benin,AFRO,28,24935,0,161
2022-01-02,BJ,Benin,AFRO,109,25044,0,161
2022-01-09,BJ,Benin,AFRO,478,25522,0,161
2022-01-16,BJ,Benin,AFRO,514,26036,1,162
2022-01-23,BJ,Benin,AFRO,273,26309,1,163
2022-01-30,BJ,Benin,AFRO,141,26450,0,163
2022-02-06,BJ,Benin,AFRO,48,26498,0,163
2022-02-13,BJ,Benin,AFRO,54,26552,0,163
2022-02-20,BJ,Benin,AFRO,15,26567,0,163
2022-02-27,BJ,Benin,AFRO,0,26567,0,163
2022-03-06,BJ,Benin,AFRO,8,26575,0,163
2022-03-13,BJ,Benin,AFRO,0,26575,0,163
2022-03-20,BJ,Benin,AFRO,18,26593,0,163
2022-03-27,BJ,Benin,AFRO,0,26593,0,163
2022-04-03,BJ,Benin,AFRO,2,26595,0,163
2022-04-10,BJ,Benin,AFRO,0,26595,0,163
2022-04-17,BJ,Benin,AFRO,10,26605,0,163
2022-04-24,BJ,Benin,AFRO,0,26605,0,163
2022-05-01,BJ,Benin,AFRO,0,26605,0,163
2022-05-08,BJ,Benin,AFRO,5,26610,0,163
2022-05-15,BJ,Benin,AFRO,0,26610,0,163
2022-05-22,BJ,Benin,AFRO,60,26670,0,163
2022-05-29,BJ,Benin,AFRO,119,26789,0,163
2022-06-05,BJ,Benin,AFRO,125,26914,0,163
2022-06-12,BJ,Benin,AFRO,128,27042,0,163
2022-06-19,BJ,Benin,AFRO,80,27122,0,163
2022-06-26,BJ,Benin,AFRO,38,27160,0,163
2022-07-03,BJ,Benin,AFRO,56,27216,0,163
2022-07-10,BJ,Benin,AFRO,30,27246,0,163
2022-07-17,BJ,Benin,AFRO,25,27271,0,163
2022-07-24,BJ,Benin,AFRO,24,27295,0,163
2022-07-31,BJ,Benin,AFRO,21,27316,0,163
2022-08-07,BJ,Benin,AFRO,0,27316,0,163
2022-08-14,BJ,Benin,AFRO,0,27316,0,163
2022-08-21,BJ,Benin,AFRO,0,27316,0,163
2022-08-28,BJ,Benin,AFRO,174,27490,0,163
2022-09-04,BJ,Benin,AFRO,45,27535,0,163
2022-09-11,BJ,Benin,AFRO,103,27638,0,163
2022-09-18,BJ,Benin,AFRO,89,27727,0,163
2022-09-25,BJ,Benin,AFRO,55,27782,0,163
2022-10-02,BJ,Benin,AFRO,0,27782,0,163
2022-10-09,BJ,Benin,AFRO,0,27782,0,163
2022-10-16,BJ,Benin,AFRO,0,27782,0,163
2022-10-23,BJ,Benin,AFRO,0,27782,0,163
2022-10-30,BJ,Benin,AFRO,130,27912,0,163
2022-11-06,BJ,Benin,AFRO,3,27915,0,163
2022-11-13,BJ,Benin,AFRO,7,27922,0,163
2022-11-20,BJ,Benin,AFRO,53,27975,0,163
2022-11-27,BJ,Benin,AFRO,5,27980,0,163
2022-12-04,BJ,Benin,AFRO,1,27981,0,163
2022-12-11,BJ,Benin,AFRO,1,27982,0,163
2022-12-18,BJ,Benin,AFRO,0,27982,0,163
2022-12-25,BJ,Benin,AFRO,3,27985,0,163
2023-01-01,BJ,Benin,AFRO,1,27986,0,163
2023-01-08,BJ,Benin,AFRO,0,27986,0,163
2023-01-15,BJ,Benin,AFRO,3,27989,0,163
2023-01-22,BJ,Benin,AFRO,1,27990,0,163
2023-01-29,BJ,Benin,AFRO,0,27990,0,163
2023-02-05,BJ,Benin,AFRO,1,27991,0,163
2023-02-12,BJ,Benin,AFRO,3,27994,0,163
2023-02-19,BJ,Benin,AFRO,5,27999,0,163
2023-02-26,BJ,Benin,AFRO,0,27999,0,163
2023-03-05,BJ,Benin,AFRO,8,28007,0,163
2023-03-12,BJ,Benin,AFRO,2,28009,0,163
2023-03-19,BJ,Benin,AFRO,3,28012,0,163
2023-03-26,BJ,Benin,AFRO,1,28013,0,163
2023-04-02,BJ,Benin,AFRO,1,28014,0,163
2023-04-09,BJ,Benin,AFRO,0,28014,0,163
2023-04-16,BJ,Benin,AFRO,0,28014,0,163
2023-04-23,BJ,Benin,AFRO,0,28014,0,163
2023-04-30,BJ,Benin,AFRO,0,28014,0,163
2023-05-07,BJ,Benin,AFRO,0,28014,0,163
2023-05-14,BJ,Benin,AFRO,0,28014,0,163
2023-05-21,BJ,Benin,AFRO,0,28014,0,163
2023-05-28,BJ,Benin,AFRO,0,28014,0,163
2023-06-04,BJ,Benin,AFRO,0,28014,0,163
2023-06-11,BJ,Benin,AFRO,0,28014,0,163
2023-06-18,BJ,Benin,AFRO,0,28014,0,163
2023-06-25,BJ,Benin,AFRO,0,28014,0,163
2023-07-02,BJ,Benin,AFRO,0,28014,0,163
2023-07-09,BJ,Benin,AFRO,0,28014,0,163
2023-07-16,BJ,Benin,AFRO,0,28014,0,163
2023-07-23,BJ,Benin,AFRO,0,28014,0,163
2023-07-30,BJ,Benin,AFRO,0,28014,0,163
2023-08-06,BJ,Benin,AFRO,0,28014,0,163
2023-08-13,BJ,Benin,AFRO,0,28014,0,163
2023-08-20,BJ,Benin,AFRO,17,28031,0,163
2023-08-27,BJ,Benin,AFRO,0,28031,0,163
2023-09-03,BJ,Benin,AFRO,2,28033,0,163
2023-09-10,BJ,Benin,AFRO,0,28033,0,163
2023-09-17,BJ,Benin,AFRO,0,28033,0,163
2023-09-24,BJ,Benin,AFRO,3,28036,0,163
2023-10-01,BJ,Benin,AFRO,0,28036,0,163
2023-10-08,BJ,Benin,AFRO,0,28036,0,163
2023-10-15,BJ,Benin,AFRO,0,28036,0,163
2023-10-22,BJ,Benin,AFRO,0,28036,0,163
2023-10-29,BJ,Benin,AFRO,0,28036,0,163
2023-11-05,BJ,Benin,AFRO,0,28036,0,163
2023-11-12,BJ,Benin,AFRO,0,28036,0,163
2023-11-19,BJ,Benin,AFRO,0,28036,0,163
2023-11-26,BJ,Benin,AFRO,0,28036,0,163
2023-12-03,BJ,Benin,AFRO,0,28036,0,163
2023-12-10,BJ,Benin,AFRO,0,28036,0,163
2023-12-17,BJ,Benin,AFRO,0,28036,0,163
2023-12-24,BJ,Benin,AFRO,0,28036,0,163
2023-12-31,BJ,Benin,AFRO,0,28036,0,163
2020-01-05,BM,Bermuda,AMRO,0,0,0,0
2020-01-12,BM,Bermuda,AMRO,0,0,0,0
2020-01-19,BM,Bermuda,AMRO,0,0,0,0
2020-01-26,BM,Bermuda,AMRO,0,0,0,0
2020-02-02,BM,Bermuda,AMRO,0,0,0,0
2020-02-09,BM,Bermuda,AMRO,0,0,0,0
2020-02-16,BM,Bermuda,AMRO,0,0,0,0
2020-02-23,BM,Bermuda,AMRO,0,0,0,0
2020-03-01,BM,Bermuda,AMRO,0,0,0,0
2020-03-08,BM,Bermuda,AMRO,0,0,0,0
2020-03-15,BM,Bermuda,AMRO,0,0,0,0
2020-03-22,BM,Bermuda,AMRO,2,2,0,0
2020-03-29,BM,Bermuda,AMRO,15,17,0,0
2020-04-05,BM,Bermuda,AMRO,18,35,0,0
2020-04-12,BM,Bermuda,AMRO,13,48,4,4
2020-04-19,BM,Bermuda,AMRO,35,83,1,5
2020-04-26,BM,Bermuda,AMRO,16,99,0,5
2020-05-03,BM,Bermuda,AMRO,15,114,1,6
2020-05-10,BM,Bermuda,AMRO,4,118,1,7
2020-05-17,BM,Bermuda,AMRO,5,123,2,9
2020-05-24,BM,Bermuda,AMRO,5,128,0,9
2020-05-31,BM,Bermuda,AMRO,12,140,0,9
2020-06-07,BM,Bermuda,AMRO,1,141,0,9
2020-06-14,BM,Bermuda,AMRO,1,142,0,9
2020-06-21,BM,Bermuda,AMRO,4,146,0,9
2020-06-28,BM,Bermuda,AMRO,0,146,0,9
2020-07-05,BM,Bermuda,AMRO,0,146,0,9
2020-07-12,BM,Bermuda,AMRO,4,150,0,9
2020-07-19,BM,Bermuda,AMRO,2,152,0,9
2020-07-26,BM,Bermuda,AMRO,1,153,0,9
2020-08-02,BM,Bermuda,AMRO,3,156,0,9
2020-08-09,BM,Bermuda,AMRO,2,158,0,9
2020-08-16,BM,Bermuda,AMRO,1,159,0,9
2020-08-23,BM,Bermuda,AMRO,8,167,0,9
2020-08-30,BM,Bermuda,AMRO,1,168,0,9
2020-09-06,BM,Bermuda,AMRO,7,175,0,9
2020-09-13,BM,Bermuda,AMRO,2,177,0,9
2020-09-20,BM,Bermuda,AMRO,1,178,0,9
2020-09-27,BM,Bermuda,AMRO,3,181,0,9
2020-10-04,BM,Bermuda,AMRO,0,181,0,9
2020-10-11,BM,Bermuda,AMRO,3,184,0,9
2020-10-18,BM,Bermuda,AMRO,1,185,0,9
2020-10-25,BM,Bermuda,AMRO,5,190,0,9
2020-11-01,BM,Bermuda,AMRO,9,199,0,9
2020-11-08,BM,Bermuda,AMRO,10,209,0,9
2020-11-15,BM,Bermuda,AMRO,13,222,0,9
2020-11-22,BM,Bermuda,AMRO,5,227,0,9
2020-11-29,BM,Bermuda,AMRO,20,247,0,9
2020-12-06,BM,Bermuda,AMRO,41,288,0,9
2020-12-13,BM,Bermuda,AMRO,103,391,0,9
2020-12-20,BM,Bermuda,AMRO,125,516,0,9
2020-12-27,BM,Bermuda,AMRO,45,561,0,9
2021-01-03,BM,Bermuda,AMRO,43,604,1,10
2021-01-10,BM,Bermuda,AMRO,42,646,2,12
2021-01-17,BM,Bermuda,AMRO,24,670,0,12
2021-01-24,BM,Bermuda,AMRO,16,686,0,12
2021-01-31,BM,Bermuda,AMRO,5,691,0,12
2021-02-07,BM,Bermuda,AMRO,1,692,0,12
2021-02-14,BM,Bermuda,AMRO,2,694,0,12
2021-02-21,BM,Bermuda,AMRO,5,699,0,12
2021-02-28,BM,Bermuda,AMRO,6,705,0,12
2021-03-07,BM,Bermuda,AMRO,17,722,0,12
2021-03-14,BM,Bermuda,AMRO,13,735,0,12
2021-03-21,BM,Bermuda,AMRO,32,767,0,12
2021-03-28,BM,Bermuda,AMRO,180,947,0,12
2021-04-04,BM,Bermuda,AMRO,415,1362,0,12
2021-04-11,BM,Bermuda,AMRO,411,1773,2,14
2021-04-18,BM,Bermuda,AMRO,287,2060,3,17
2021-04-25,BM,Bermuda,AMRO,255,2315,6,23
2021-05-02,BM,Bermuda,AMRO,78,2393,5,28
2021-05-09,BM,Bermuda,AMRO,41,2434,2,30
2021-05-16,BM,Bermuda,AMRO,32,2466,2,32
2021-05-23,BM,Bermuda,AMRO,22,2488,0,32
2021-05-30,BM,Bermuda,AMRO,3,2491,0,32
2021-06-06,BM,Bermuda,AMRO,3,2494,1,33
2021-06-13,BM,Bermuda,AMRO,3,2497,0,33
2021-06-20,BM,Bermuda,AMRO,7,2504,0,33
2021-06-27,BM,Bermuda,AMRO,6,2510,0,33
2021-07-04,BM,Bermuda,AMRO,6,2516,0,33
2021-07-11,BM,Bermuda,AMRO,5,2521,0,33
2021-07-18,BM,Bermuda,AMRO,9,2530,0,33
2021-07-25,BM,Bermuda,AMRO,8,2538,0,33
2021-08-01,BM,Bermuda,AMRO,30,2568,0,33
2021-08-08,BM,Bermuda,AMRO,46,2614,0,33
2021-08-15,BM,Bermuda,AMRO,61,2675,0,33
2021-08-22,BM,Bermuda,AMRO,75,2750,0,33
2021-08-29,BM,Bermuda,AMRO,94,2844,0,33
2021-09-05,BM,Bermuda,AMRO,204,3048,1,34
2021-09-12,BM,Bermuda,AMRO,471,3519,1,35
2021-09-19,BM,Bermuda,AMRO,699,4218,3,38
2021-09-26,BM,Bermuda,AMRO,764,4982,14,52
2021-10-03,BM,Bermuda,AMRO,354,5336,23,75
2021-10-10,BM,Bermuda,AMRO,165,5501,14,89
2021-10-17,BM,Bermuda,AMRO,66,5567,6,95
2021-10-24,BM,Bermuda,AMRO,45,5612,1,96
2021-10-31,BM,Bermuda,AMRO,35,5647,5,101
2021-11-07,BM,Bermuda,AMRO,30,5677,5,106
2021-11-14,BM,Bermuda,AMRO,31,5708,0,106
2021-11-21,BM,Bermuda,AMRO,7,5715,0,106
2021-11-28,BM,Bermuda,AMRO,15,5730,0,106
2021-12-05,BM,Bermuda,AMRO,23,5753,0,106
2021-12-12,BM,Bermuda,AMRO,15,5768,0,106
2021-12-19,BM,Bermuda,AMRO,47,5815,0,106
2021-12-26,BM,Bermuda,AMRO,249,6064,0,106
2022-01-02,BM,Bermuda,AMRO,356,6420,4,110
2022-01-09,BM,Bermuda,AMRO,771,7191,0,110
2022-01-16,BM,Bermuda,AMRO,1350,8541,0,110
2022-01-23,BM,Bermuda,AMRO,1225,9766,2,112
2022-01-30,BM,Bermuda,AMRO,786,10552,4,116
2022-02-06,BM,Bermuda,AMRO,369,10921,2,118
2022-02-13,BM,Bermuda,AMRO,225,11146,2,120
2022-02-20,BM,Bermuda,AMRO,170,11316,2,122
2022-02-27,BM,Bermuda,AMRO,174,11490,1,123
2022-03-06,BM,Bermuda,AMRO,144,11634,0,123
2022-03-13,BM,Bermuda,AMRO,216,11850,1,124
2022-03-20,BM,Bermuda,AMRO,244,12094,2,126
2022-03-27,BM,Bermuda,AMRO,260,12354,1,127
2022-04-03,BM,Bermuda,AMRO,210,12564,1,128
2022-04-10,BM,Bermuda,AMRO,175,12739,1,129
2022-04-17,BM,Bermuda,AMRO,162,12901,2,131
2022-04-24,BM,Bermuda,AMRO,351,13252,0,131
2022-05-01,BM,Bermuda,AMRO,307,13559,0,131
2022-05-08,BM,Bermuda,AMRO,273,13832,3,134
2022-05-15,BM,Bermuda,AMRO,303,14135,1,135
2022-05-22,BM,Bermuda,AMRO,307,14442,2,137
2022-05-29,BM,Bermuda,AMRO,313,14755,1,138
2022-06-05,BM,Bermuda,AMRO,330,15085,0,138
2022-06-12,BM,Bermuda,AMRO,343,15428,0,138
2022-06-19,BM,Bermuda,AMRO,334,15762,0,138
2022-06-26,BM,Bermuda,AMRO,195,15957,0,138
2022-07-03,BM,Bermuda,AMRO,205,16162,2,140
2022-07-10,BM,Bermuda,AMRO,239,16401,0,140
2022-07-17,BM,Bermuda,AMRO,321,16722,1,141
2022-07-24,BM,Bermuda,AMRO,266,16988,1,142
2022-07-31,BM,Bermuda,AMRO,205,17193,2,144
2022-08-07,BM,Bermuda,AMRO,163,17356,4,148
2022-08-14,BM,Bermuda,AMRO,200,17556,0,148
2022-08-21,BM,Bermuda,AMRO,118,17674,0,148
2022-08-28,BM,Bermuda,AMRO,239,17913,0,148
2022-09-04,BM,Bermuda,AMRO,0,17913,0,148
2022-09-11,BM,Bermuda,AMRO,0,17913,0,148
2022-09-18,BM,Bermuda,AMRO,164,18077,0,148
2022-09-25,BM,Bermuda,AMRO,45,18122,0,148
2022-10-02,BM,Bermuda,AMRO,32,18154,0,148
2022-10-09,BM,Bermuda,AMRO,66,18220,0,148
2022-10-16,BM,Bermuda,AMRO,60,18280,0,148
2022-10-23,BM,Bermuda,AMRO,60,18340,0,148
2022-10-30,BM,Bermuda,AMRO,0,18340,0,148
2022-11-06,BM,Bermuda,AMRO,88,18428,1,149
2022-11-13,BM,Bermuda,AMRO,0,18428,0,149
2022-11-20,BM,Bermuda,AMRO,35,18463,2,151
2022-11-27,BM,Bermuda,AMRO,0,18463,0,151
2022-12-04,BM,Bermuda,AMRO,56,18519,1,152
2022-12-11,BM,Bermuda,AMRO,0,18519,0,152
2022-12-18,BM,Bermuda,AMRO,38,18557,0,152
2022-12-25,BM,Bermuda,AMRO,0,18557,0,152
2023-01-01,BM,Bermuda,AMRO,65,18622,1,153
2023-01-08,BM,Bermuda,AMRO,62,18684,1,154
2023-01-15,BM,Bermuda,AMRO,34,18718,1,155
2023-01-22,BM,Bermuda,AMRO,33,18751,2,157
2023-01-29,BM,Bermuda,AMRO,15,18766,0,157
2023-02-05,BM,Bermuda,AMRO,5,18771,0,157
2023-02-12,BM,Bermuda,AMRO,14,18785,1,158
2023-02-19,BM,Bermuda,AMRO,6,18791,1,159
2023-02-26,BM,Bermuda,AMRO,8,18799,1,160
2023-03-05,BM,Bermuda,AMRO,15,18814,0,160
2023-03-12,BM,Bermuda,AMRO,14,18828,0,160
2023-03-19,BM,Bermuda,AMRO,8,18836,1,161
2023-03-26,BM,Bermuda,AMRO,13,18849,2,163
2023-04-02,BM,Bermuda,AMRO,0,18849,0,163
2023-04-09,BM,Bermuda,AMRO,11,18860,2,165
2023-04-16,BM,Bermuda,AMRO,0,18860,0,165
2023-04-23,BM,Bermuda,AMRO,0,18860,0,165
2023-04-30,BM,Bermuda,AMRO,0,18860,0,165
2023-05-07,BM,Bermuda,AMRO,0,18860,0,165
2023-05-14,BM,Bermuda,AMRO,0,18860,0,165
2023-05-21,BM,Bermuda,AMRO,0,18860,0,165
2023-05-28,BM,Bermuda,AMRO,0,18860,0,165
2023-06-04,BM,Bermuda,AMRO,0,18860,0,165
2023-06-11,BM,Bermuda,AMRO,0,18860,0,165
2023-06-18,BM,Bermuda,AMRO,0,18860,0,165
2023-06-25,BM,Bermuda,AMRO,0,18860,0,165
2023-07-02,BM,Bermuda,AMRO,0,18860,0,165
2023-07-09,BM,Bermuda,AMRO,0,18860,0,165
2023-07-16,BM,Bermuda,AMRO,0,18860,0,165
2023-07-23,BM,Bermuda,AMRO,0,18860,0,165
2023-07-30,BM,Bermuda,AMRO,0,18860,0,165
2023-08-06,BM,Bermuda,AMRO,0,18860,0,165
2023-08-13,BM,Bermuda,AMRO,0,18860,0,165
2023-08-20,BM,Bermuda,AMRO,0,18860,0,165
2023-08-27,BM,Bermuda,AMRO,0,18860,0,165
2023-09-03,BM,Bermuda,AMRO,0,18860,0,165
2023-09-10,BM,Bermuda,AMRO,0,18860,0,165
2023-09-17,BM,Bermuda,AMRO,0,18860,0,165
2023-09-24,BM,Bermuda,AMRO,0,18860,0,165
2023-10-01,BM,Bermuda,AMRO,0,18860,0,165
2023-10-08,BM,Bermuda,AMRO,0,18860,0,165
2023-10-15,BM,Bermuda,AMRO,0,18860,0,165
2023-10-22,BM,Bermuda,AMRO,0,18860,0,165
2023-10-29,BM,Bermuda,AMRO,0,18860,0,165
2023-11-05,BM,Bermuda,AMRO,0,18860,0,165
2023-11-12,BM,Bermuda,AMRO,0,18860,0,165
2023-11-19,BM,Bermuda,AMRO,0,18860,0,165
2023-11-26,BM,Bermuda,AMRO,0,18860,0,165
2023-12-03,BM,Bermuda,AMRO,0,18860,0,165
2023-12-10,BM,Bermuda,AMRO,0,18860,0,165
2023-12-17,BM,Bermuda,AMRO,0,18860,0,165
2023-12-24,BM,Bermuda,AMRO,0,18860,0,165
2023-12-31,BM,Bermuda,AMRO,0,18860,0,165
2020-01-05,BT,Bhutan,SEARO,0,0,0,0
2020-01-12,BT,Bhutan,SEARO,0,0,0,0
2020-01-19,BT,Bhutan,SEARO,0,0,0,0
2020-01-26,BT,Bhutan,SEARO,0,0,0,0
2020-02-02,BT,Bhutan,SEARO,0,0,0,0
2020-02-09,BT,Bhutan,SEARO,0,0,0,0
2020-02-16,BT,Bhutan,SEARO,0,0,0,0
2020-02-23,BT,Bhutan,SEARO,0,0,0,0
2020-03-01,BT,Bhutan,SEARO,0,0,0,0
2020-03-08,BT,Bhutan,SEARO,1,1,0,0
2020-03-15,BT,Bhutan,SEARO,0,1,0,0
2020-03-22,BT,Bhutan,SEARO,1,2,0,0
2020-03-29,BT,Bhutan,SEARO,1,3,0,0
2020-04-05,BT,Bhutan,SEARO,2,5,0,0
2020-04-12,BT,Bhutan,SEARO,0,5,0,0
2020-04-19,BT,Bhutan,SEARO,0,5,0,0
2020-04-26,BT,Bhutan,SEARO,2,7,0,0
2020-05-03,BT,Bhutan,SEARO,0,7,0,0
2020-05-10,BT,Bhutan,SEARO,0,7,0,0
2020-05-17,BT,Bhutan,SEARO,14,21,0,0
2020-05-24,BT,Bhutan,SEARO,6,27,0,0
2020-05-31,BT,Bhutan,SEARO,16,43,0,0
2020-06-07,BT,Bhutan,SEARO,16,59,0,0
2020-06-14,BT,Bhutan,SEARO,7,66,0,0
2020-06-21,BT,Bhutan,SEARO,2,68,0,0
2020-06-28,BT,Bhutan,SEARO,8,76,0,0
2020-07-05,BT,Bhutan,SEARO,4,80,0,0
2020-07-12,BT,Bhutan,SEARO,4,84,0,0
2020-07-19,BT,Bhutan,SEARO,5,89,0,0
2020-07-26,BT,Bhutan,SEARO,6,95,0,0
2020-08-02,BT,Bhutan,SEARO,8,103,0,0
2020-08-09,BT,Bhutan,SEARO,7,110,0,0
2020-08-16,BT,Bhutan,SEARO,28,138,0,0
2020-08-23,BT,Bhutan,SEARO,17,155,0,0
2020-08-30,BT,Bhutan,SEARO,69,224,0,0
2020-09-06,BT,Bhutan,SEARO,6,230,0,0
2020-09-13,BT,Bhutan,SEARO,15,245,0,0
2020-09-20,BT,Bhutan,SEARO,16,261,0,0
2020-09-27,BT,Bhutan,SEARO,12,273,0,0
2020-10-04,BT,Bhutan,SEARO,25,298,0,0
2020-10-11,BT,Bhutan,SEARO,11,309,0,0
2020-10-18,BT,Bhutan,SEARO,16,325,0,0
2020-10-25,BT,Bhutan,SEARO,15,340,0,0
2020-11-01,BT,Bhutan,SEARO,9,349,0,0
2020-11-08,BT,Bhutan,SEARO,10,359,0,0
2020-11-15,BT,Bhutan,SEARO,16,375,0,0
2020-11-22,BT,Bhutan,SEARO,4,379,0,0
2020-11-29,BT,Bhutan,SEARO,17,396,0,0
2020-12-06,BT,Bhutan,SEARO,30,426,0,0
2020-12-13,BT,Bhutan,SEARO,11,437,0,0
2020-12-20,BT,Bhutan,SEARO,9,446,0,0
2020-12-27,BT,Bhutan,SEARO,151,597,0,0
2021-01-03,BT,Bhutan,SEARO,119,716,0,0
2021-01-10,BT,Bhutan,SEARO,97,813,1,1
2021-01-17,BT,Bhutan,SEARO,29,842,0,1
2021-01-24,BT,Bhutan,SEARO,13,855,0,1
2021-01-31,BT,Bhutan,SEARO,4,859,0,1
2021-02-07,BT,Bhutan,SEARO,2,861,0,1
2021-02-14,BT,Bhutan,SEARO,3,864,0,1
2021-02-21,BT,Bhutan,SEARO,2,866,0,1
2021-02-28,BT,Bhutan,SEARO,1,867,0,1
2021-03-07,BT,Bhutan,SEARO,1,868,0,1
2021-03-14,BT,Bhutan,SEARO,0,868,0,1
2021-03-21,BT,Bhutan,SEARO,1,869,0,1
2021-03-28,BT,Bhutan,SEARO,3,872,0,1
2021-04-04,BT,Bhutan,SEARO,19,891,0,1
2021-04-11,BT,Bhutan,SEARO,27,918,0,1
2021-04-18,BT,Bhutan,SEARO,39,957,0,1
2021-04-25,BT,Bhutan,SEARO,65,1022,0,1
2021-05-02,BT,Bhutan,SEARO,89,1111,0,1
2021-05-09,BT,Bhutan,SEARO,110,1221,0,1
2021-05-16,BT,Bhutan,SEARO,65,1286,0,1
2021-05-23,BT,Bhutan,SEARO,108,1394,0,1
2021-05-30,BT,Bhutan,SEARO,218,1612,0,1
2021-06-06,BT,Bhutan,SEARO,75,1687,0,1
2021-06-13,BT,Bhutan,SEARO,126,1813,0,1
2021-06-20,BT,Bhutan,SEARO,111,1924,0,1
2021-06-27,BT,Bhutan,SEARO,128,2052,0,1
2021-07-04,BT,Bhutan,SEARO,107,2159,0,1
2021-07-11,BT,Bhutan,SEARO,116,2275,0,1
2021-07-18,BT,Bhutan,SEARO,146,2421,1,2
2021-07-25,BT,Bhutan,SEARO,65,2486,0,2
2021-08-01,BT,Bhutan,SEARO,32,2518,0,2
2021-08-08,BT,Bhutan,SEARO,26,2544,0,2
2021-08-15,BT,Bhutan,SEARO,27,2571,1,3
2021-08-22,BT,Bhutan,SEARO,14,2585,0,3
2021-08-29,BT,Bhutan,SEARO,9,2594,0,3
2021-09-05,BT,Bhutan,SEARO,2,2596,0,3
2021-09-12,BT,Bhutan,SEARO,0,2596,0,3
2021-09-19,BT,Bhutan,SEARO,1,2597,0,3
2021-09-26,BT,Bhutan,SEARO,2,2599,0,3
2021-10-03,BT,Bhutan,SEARO,9,2608,0,3
2021-10-10,BT,Bhutan,SEARO,5,2613,0,3
2021-10-17,BT,Bhutan,SEARO,4,2617,0,3
2021-10-24,BT,Bhutan,SEARO,0,2617,0,3
2021-10-31,BT,Bhutan,SEARO,4,2621,0,3
2021-11-07,BT,Bhutan,SEARO,2,2623,0,3
2021-11-14,BT,Bhutan,SEARO,2,2625,0,3
2021-11-21,BT,Bhutan,SEARO,7,2632,0,3
2021-11-28,BT,Bhutan,SEARO,8,2640,0,3
2021-12-05,BT,Bhutan,SEARO,1,2641,0,3
2021-12-12,BT,Bhutan,SEARO,8,2649,0,3
2021-12-19,BT,Bhutan,SEARO,8,2657,0,3
2021-12-26,BT,Bhutan,SEARO,3,2660,0,3
2022-01-02,BT,Bhutan,SEARO,0,2660,0,3
2022-01-09,BT,Bhutan,SEARO,121,2781,0,3
2022-01-16,BT,Bhutan,SEARO,147,2928,0,3
2022-01-23,BT,Bhutan,SEARO,721,3649,0,3
2022-01-30,BT,Bhutan,SEARO,1036,4685,1,4
2022-02-06,BT,Bhutan,SEARO,1407,6092,0,4
2022-02-13,BT,Bhutan,SEARO,1337,7429,1,5
2022-02-20,BT,Bhutan,SEARO,2649,10078,1,6
2022-02-27,BT,Bhutan,SEARO,2116,12194,0,6
2022-03-06,BT,Bhutan,SEARO,2604,14798,1,7
2022-03-13,BT,Bhutan,SEARO,2822,17620,0,7
2022-03-20,BT,Bhutan,SEARO,4384,22004,2,9
2022-03-27,BT,Bhutan,SEARO,3076,25080,0,9
2022-04-03,BT,Bhutan,SEARO,6357,31437,3,12
2022-04-10,BT,Bhutan,SEARO,10785,42222,2,14
2022-04-17,BT,Bhutan,SEARO,10574,52796,4,18
2022-04-24,BT,Bhutan,SEARO,4975,57771,2,20
2022-05-01,BT,Bhutan,SEARO,1448,59219,1,21
2022-05-08,BT,Bhutan,SEARO,278,59497,0,21
2022-05-15,BT,Bhutan,SEARO,73,59570,0,21
2022-05-22,BT,Bhutan,SEARO,42,59612,0,21
2022-05-29,BT,Bhutan,SEARO,13,59625,0,21
2022-06-05,BT,Bhutan,SEARO,11,59636,0,21
2022-06-12,BT,Bhutan,SEARO,7,59643,0,21
2022-06-19,BT,Bhutan,SEARO,18,59661,0,21
2022-06-26,BT,Bhutan,SEARO,48,59709,0,21
2022-07-03,BT,Bhutan,SEARO,103,59812,0,21
2022-07-10,BT,Bhutan,SEARO,128,59940,0,21
2022-07-17,BT,Bhutan,SEARO,167,60107,0,21
2022-07-24,BT,Bhutan,SEARO,261,60368,0,21
2022-07-31,BT,Bhutan,SEARO,162,60530,0,21
2022-08-07,BT,Bhutan,SEARO,133,60663,0,21
2022-08-14,BT,Bhutan,SEARO,116,60779,0,21
2022-08-21,BT,Bhutan,SEARO,119,60898,0,21
2022-08-28,BT,Bhutan,SEARO,178,61076,0,21
2022-09-04,BT,Bhutan,SEARO,157,61233,0,21
2022-09-11,BT,Bhutan,SEARO,186,61419,0,21
2022-09-18,BT,Bhutan,SEARO,311,61730,0,21
2022-09-25,BT,Bhutan,SEARO,239,61969,0,21
2022-10-02,BT,Bhutan,SEARO,126,62095,0,21
2022-10-09,BT,Bhutan,SEARO,105,62200,0,21
2022-10-16,BT,Bhutan,SEARO,48,62248,0,21
2022-10-23,BT,Bhutan,SEARO,83,62331,0,21
2022-10-30,BT,Bhutan,SEARO,49,62380,0,21
2022-11-06,BT,Bhutan,SEARO,50,62430,0,21
2022-11-13,BT,Bhutan,SEARO,30,62460,0,21
2022-11-20,BT,Bhutan,SEARO,28,62488,0,21
2022-11-27,BT,Bhutan,SEARO,15,62503,0,21
2022-12-04,BT,Bhutan,SEARO,9,62512,0,21
2022-12-11,BT,Bhutan,SEARO,9,62521,0,21
2022-12-18,BT,Bhutan,SEARO,3,62524,0,21
2022-12-25,BT,Bhutan,SEARO,7,62531,0,21
2023-01-01,BT,Bhutan,SEARO,7,62538,0,21
2023-01-08,BT,Bhutan,SEARO,13,62551,0,21
2023-01-15,BT,Bhutan,SEARO,26,62577,0,21
2023-01-22,BT,Bhutan,SEARO,21,62598,0,21
2023-01-29,BT,Bhutan,SEARO,7,62605,0,21
2023-02-05,BT,Bhutan,SEARO,3,62608,0,21
2023-02-12,BT,Bhutan,SEARO,3,62611,0,21
2023-02-19,BT,Bhutan,SEARO,4,62615,0,21
2023-02-26,BT,Bhutan,SEARO,5,62620,0,21
2023-03-05,BT,Bhutan,SEARO,7,62627,0,21
2023-03-12,BT,Bhutan,SEARO,10,62637,0,21
2023-03-19,BT,Bhutan,SEARO,10,62647,0,21
2023-03-26,BT,Bhutan,SEARO,1,62648,0,21
2023-04-02,BT,Bhutan,SEARO,1,62649,0,21
2023-04-09,BT,Bhutan,SEARO,1,62650,0,21
2023-04-16,BT,Bhutan,SEARO,4,62654,0,21
2023-04-23,BT,Bhutan,SEARO,9,62663,0,21
2023-04-30,BT,Bhutan,SEARO,3,62666,0,21
2023-05-07,BT,Bhutan,SEARO,2,62668,0,21
2023-05-14,BT,Bhutan,SEARO,0,62668,0,21
2023-05-21,BT,Bhutan,SEARO,2,62670,0,21
2023-05-28,BT,Bhutan,SEARO,1,62671,0,21
2023-06-04,BT,Bhutan,SEARO,1,62672,0,21
2023-06-11,BT,Bhutan,SEARO,0,62672,0,21
2023-06-18,BT,Bhutan,SEARO,0,62672,0,21
2023-06-25,BT,Bhutan,SEARO,1,62673,0,21
2023-07-02,BT,Bhutan,SEARO,0,62673,0,21
2023-07-09,BT,Bhutan,SEARO,10,62683,0,21
2023-07-16,BT,Bhutan,SEARO,7,62690,0,21
2023-07-23,BT,Bhutan,SEARO,0,62690,0,21
2023-07-30,BT,Bhutan,SEARO,1,62691,0,21
2023-08-06,BT,Bhutan,SEARO,0,62691,0,21
2023-08-13,BT,Bhutan,SEARO,3,62694,0,21
2023-08-20,BT,Bhutan,SEARO,0,62694,0,21
2023-08-27,BT,Bhutan,SEARO,3,62697,0,21
2023-09-03,BT,Bhutan,SEARO,0,62697,0,21
2023-09-10,BT,Bhutan,SEARO,0,62697,0,21
2023-09-17,BT,Bhutan,SEARO,0,62697,0,21
2023-09-24,BT,Bhutan,SEARO,0,62697,0,21
2023-10-01,BT,Bhutan,SEARO,0,62697,0,21
2023-10-08,BT,Bhutan,SEARO,0,62697,0,21
2023-10-15,BT,Bhutan,SEARO,0,62697,0,21
2023-10-22,BT,Bhutan,SEARO,0,62697,0,21
2023-10-29,BT,Bhutan,SEARO,0,62697,0,21
2023-11-05,BT,Bhutan,SEARO,0,62697,0,21
2023-11-12,BT,Bhutan,SEARO,0,62697,0,21
2023-11-19,BT,Bhutan,SEARO,0,62697,0,21
2023-11-26,BT,Bhutan,SEARO,0,62697,0,21
2023-12-03,BT,Bhutan,SEARO,0,62697,0,21
2023-12-10,BT,Bhutan,SEARO,0,62697,0,21
2023-12-17,BT,Bhutan,SEARO,0,62697,0,21
2023-12-24,BT,Bhutan,SEARO,0,62697,0,21
2023-12-31,BT,Bhutan,SEARO,0,62697,0,21
2020-01-05,BO,Bolivia (Plurinational State of),AMRO,0,0,0,0
2020-01-12,BO,Bolivia (Plurinational State of),AMRO,0,0,0,0
2020-01-19,BO,Bolivia (Plurinational State of),AMRO,0,0,0,0
2020-01-26,BO,Bolivia (Plurinational State of),AMRO,0,0,0,0
2020-02-02,BO,Bolivia (Plurinational State of),AMRO,0,0,0,0
2020-02-09,BO,Bolivia (Plurinational State of),AMRO,0,0,0,0
2020-02-16,BO,Bolivia (Plurinational State of),AMRO,0,0,0,0
2020-02-23,BO,Bolivia (Plurinational State of),AMRO,0,0,0,0
2020-03-01,BO,Bolivia (Plurinational State of),AMRO,0,0,0,0
2020-03-08,BO,Bolivia (Plurinational State of),AMRO,0,0,0,0
2020-03-15,BO,Bolivia (Plurinational State of),AMRO,10,10,0,0
2020-03-22,BO,Bolivia (Plurinational State of),AMRO,9,19,0,0
2020-03-29,BO,Bolivia (Plurinational State of),AMRO,71,90,0,0
2020-04-05,BO,Bolivia (Plurinational State of),AMRO,49,139,10,10
2020-04-12,BO,Bolivia (Plurinational State of),AMRO,136,275,10,20
2020-04-19,BO,Bolivia (Plurinational State of),AMRO,218,493,11,31
2020-04-26,BO,Bolivia (Plurinational State of),AMRO,314,807,13,44
2020-05-03,BO,Bolivia (Plurinational State of),AMRO,422,1229,22,66
2020-05-10,BO,Bolivia (Plurinational State of),AMRO,1037,2266,40,106
2020-05-17,BO,Bolivia (Plurinational State of),AMRO,1311,3577,58,164
2020-05-24,BO,Bolivia (Plurinational State of),AMRO,2002,5579,66,230
2020-05-31,BO,Bolivia (Plurinational State of),AMRO,3152,8731,70,300
2020-06-07,BO,Bolivia (Plurinational State of),AMRO,3997,12728,127,427
2020-06-14,BO,Bolivia (Plurinational State of),AMRO,4201,16929,132,559
2020-06-21,BO,Bolivia (Plurinational State of),AMRO,5547,22476,156,715
2020-06-28,BO,Bolivia (Plurinational State of),AMRO,6947,29423,219,934
2020-07-05,BO,Bolivia (Plurinational State of),AMRO,7395,36818,386,1320
2020-07-12,BO,Bolivia (Plurinational State of),AMRO,8747,45565,382,1702
2020-07-19,BO,Bolivia (Plurinational State of),AMRO,10537,56102,347,2049
2020-07-26,BO,Bolivia (Plurinational State of),AMRO,10354,66456,424,2473
2020-08-02,BO,Bolivia (Plurinational State of),AMRO,10333,76789,504,2977
2020-08-09,BO,Bolivia (Plurinational State of),AMRO,11102,87891,547,3524
2020-08-16,BO,Bolivia (Plurinational State of),AMRO,10059,97950,415,3939
2020-08-23,BO,Bolivia (Plurinational State of),AMRO,9485,107435,427,4366
2020-08-30,BO,Bolivia (Plurinational State of),AMRO,6974,114409,480,4846
2020-09-06,BO,Bolivia (Plurinational State of),AMRO,5171,119580,497,5343
2020-09-13,BO,Bolivia (Plurinational State of),AMRO,5592,125172,1907,7250
2020-09-20,BO,Bolivia (Plurinational State of),AMRO,4879,130051,300,7550
2020-09-27,BO,Bolivia (Plurinational State of),AMRO,3171,133222,250,7800
2020-10-04,BO,Bolivia (Plurinational State of),AMRO,2997,136219,245,8045
2020-10-11,BO,Bolivia (Plurinational State of),AMRO,2007,138226,217,8262
2020-10-18,BO,Bolivia (Plurinational State of),AMRO,1336,139562,177,8439
2020-10-25,BO,Bolivia (Plurinational State of),AMRO,1050,140612,169,8608
2020-11-01,BO,Bolivia (Plurinational State of),AMRO,1019,141631,107,8715
2020-11-08,BO,Bolivia (Plurinational State of),AMRO,712,142343,66,8781
2020-11-15,BO,Bolivia (Plurinational State of),AMRO,726,143069,54,8835
2020-11-22,BO,Bolivia (Plurinational State of),AMRO,785,143854,65,8900
2020-11-29,BO,Bolivia (Plurinational State of),AMRO,640,144494,43,8943
2020-12-06,BO,Bolivia (Plurinational State of),AMRO,831,145325,44,8987
2020-12-13,BO,Bolivia (Plurinational State of),AMRO,1372,146697,26,9013
2020-12-20,BO,Bolivia (Plurinational State of),AMRO,2452,149149,20,9033
2020-12-27,BO,Bolivia (Plurinational State of),AMRO,4441,153590,50,9083
2021-01-03,BO,Bolivia (Plurinational State of),AMRO,7395,160985,92,9175
2021-01-10,BO,Bolivia (Plurinational State of),AMRO,10169,171154,153,9328
2021-01-17,BO,Bolivia (Plurinational State of),AMRO,12435,183589,243,9571
2021-01-24,BO,Bolivia (Plurinational State of),AMRO,14668,198257,300,9871
2021-01-31,BO,Bolivia (Plurinational State of),AMRO,15135,213392,355,10226
2021-02-07,BO,Bolivia (Plurinational State of),AMRO,12518,225910,461,10687
2021-02-14,BO,Bolivia (Plurinational State of),AMRO,9188,235098,420,11107
2021-02-21,BO,Bolivia (Plurinational State of),AMRO,5578,240676,283,11390
2021-02-28,BO,Bolivia (Plurinational State of),AMRO,7215,247891,219,11609
2021-03-07,BO,Bolivia (Plurinational State of),AMRO,5406,253297,180,11789
2021-03-14,BO,Bolivia (Plurinational State of),AMRO,5027,258324,114,11903
2021-03-21,BO,Bolivia (Plurinational State of),AMRO,5484,263808,138,12041
2021-03-28,BO,Bolivia (Plurinational State of),AMRO,4903,268711,102,12143
2021-04-04,BO,Bolivia (Plurinational State of),AMRO,5236,273947,162,12305
2021-04-11,BO,Bolivia (Plurinational State of),AMRO,6702,280649,123,12428
2021-04-18,BO,Bolivia (Plurinational State of),AMRO,6711,287360,197,12625
2021-04-25,BO,Bolivia (Plurinational State of),AMRO,8532,295892,158,12783
2021-05-02,BO,Bolivia (Plurinational State of),AMRO,9702,305594,192,12975
2021-05-09,BO,Bolivia (Plurinational State of),AMRO,10559,316153,207,13182
2021-05-16,BO,Bolivia (Plurinational State of),AMRO,13580,329733,269,13451
2021-05-23,BO,Bolivia (Plurinational State of),AMRO,16337,346070,406,13857
2021-05-30,BO,Bolivia (Plurinational State of),AMRO,18500,364570,520,14377
2021-06-06,BO,Bolivia (Plurinational State of),AMRO,18887,383457,523,14900
2021-06-13,BO,Bolivia (Plurinational State of),AMRO,19834,403291,517,15417
2021-06-20,BO,Bolivia (Plurinational State of),AMRO,16022,419313,592,16009
2021-06-27,BO,Bolivia (Plurinational State of),AMRO,12047,431360,487,16496
2021-07-04,BO,Bolivia (Plurinational State of),AMRO,11524,442884,383,16879
2021-07-11,BO,Bolivia (Plurinational State of),AMRO,9792,452676,294,17173
2021-07-18,BO,Bolivia (Plurinational State of),AMRO,8142,460818,233,17406
2021-07-25,BO,Bolivia (Plurinational State of),AMRO,6525,467343,207,17613
2021-08-01,BO,Bolivia (Plurinational State of),AMRO,5470,472813,193,17806
2021-08-08,BO,Bolivia (Plurinational State of),AMRO,4449,477262,153,17959
2021-08-15,BO,Bolivia (Plurinational State of),AMRO,4369,481631,193,18152
2021-08-22,BO,Bolivia (Plurinational State of),AMRO,4295,485926,117,18269
2021-08-29,BO,Bolivia (Plurinational State of),AMRO,3007,488933,102,18371
2021-09-05,BO,Bolivia (Plurinational State of),AMRO,3287,492220,126,18497
2021-09-12,BO,Bolivia (Plurinational State of),AMRO,2444,494664,71,18568
2021-09-19,BO,Bolivia (Plurinational State of),AMRO,2036,496700,80,18648
2021-09-26,BO,Bolivia (Plurinational State of),AMRO,1895,498595,48,18696
2021-10-03,BO,Bolivia (Plurinational State of),AMRO,2228,500823,54,18750
2021-10-10,BO,Bolivia (Plurinational State of),AMRO,2609,503432,39,18789
2021-10-17,BO,Bolivia (Plurinational State of),AMRO,2718,506150,35,18824
2021-10-24,BO,Bolivia (Plurinational State of),AMRO,3126,509276,72,18896
2021-10-31,BO,Bolivia (Plurinational State of),AMRO,3836,513112,28,18924
2021-11-07,BO,Bolivia (Plurinational State of),AMRO,4117,517229,36,18960
2021-11-14,BO,Bolivia (Plurinational State of),AMRO,5301,522530,44,19004
2021-11-21,BO,Bolivia (Plurinational State of),AMRO,5877,528407,47,19051
2021-11-28,BO,Bolivia (Plurinational State of),AMRO,6708,535115,86,19137
2021-12-05,BO,Bolivia (Plurinational State of),AMRO,5754,540869,68,19205
2021-12-12,BO,Bolivia (Plurinational State of),AMRO,10647,551516,100,19305
2021-12-19,BO,Bolivia (Plurinational State of),AMRO,11122,562638,103,19408
2021-12-26,BO,Bolivia (Plurinational State of),AMRO,12609,575247,122,19530
2022-01-02,BO,Bolivia (Plurinational State of),AMRO,24506,599753,150,19680
2022-01-09,BO,Bolivia (Plurinational State of),AMRO,53066,652819,208,19888
2022-01-16,BO,Bolivia (Plurinational State of),AMRO,72640,725459,261,20149
2022-01-23,BO,Bolivia (Plurinational State of),AMRO,79218,804677,421,20570
2022-01-30,BO,Bolivia (Plurinational State of),AMRO,37080,841757,254,20824
2022-02-06,BO,Bolivia (Plurinational State of),AMRO,28135,869892,278,21102
2022-02-13,BO,Bolivia (Plurinational State of),AMRO,13490,883382,182,21284
2022-02-20,BO,Bolivia (Plurinational State of),AMRO,6129,889511,88,21372
2022-02-27,BO,Bolivia (Plurinational State of),AMRO,2340,891851,34,21406
2022-03-06,BO,Bolivia (Plurinational State of),AMRO,2700,894551,49,21455
2022-03-13,BO,Bolivia (Plurinational State of),AMRO,2834,897385,18,21473
2022-03-20,BO,Bolivia (Plurinational State of),AMRO,2312,899697,9,21482
2022-03-27,BO,Bolivia (Plurinational State of),AMRO,1595,901292,5,21487
2022-04-03,BO,Bolivia (Plurinational State of),AMRO,1156,902448,409,21896
2022-04-10,BO,Bolivia (Plurinational State of),AMRO,858,903306,3,21899
2022-04-17,BO,Bolivia (Plurinational State of),AMRO,582,903888,4,21903
2022-04-24,BO,Bolivia (Plurinational State of),AMRO,324,904212,3,21906
2022-05-01,BO,Bolivia (Plurinational State of),AMRO,671,904883,4,21910
2022-05-08,BO,Bolivia (Plurinational State of),AMRO,472,905355,15,21925
2022-05-15,BO,Bolivia (Plurinational State of),AMRO,465,905820,1,21926
2022-05-22,BO,Bolivia (Plurinational State of),AMRO,1193,907013,17,21943
2022-05-29,BO,Bolivia (Plurinational State of),AMRO,1370,908383,4,21947
2022-06-05,BO,Bolivia (Plurinational State of),AMRO,1250,909633,1,21948
2022-06-12,BO,Bolivia (Plurinational State of),AMRO,2002,911635,2,21950
2022-06-19,BO,Bolivia (Plurinational State of),AMRO,2617,914252,1,21951
2022-06-26,BO,Bolivia (Plurinational State of),AMRO,5485,919737,1,21952
2022-07-03,BO,Bolivia (Plurinational State of),AMRO,8713,928450,3,21955
2022-07-10,BO,Bolivia (Plurinational State of),AMRO,13857,942307,9,21964
2022-07-17,BO,Bolivia (Plurinational State of),AMRO,14322,956629,13,21977
2022-07-24,BO,Bolivia (Plurinational State of),AMRO,40986,997615,36,22013
2022-07-31,BO,Bolivia (Plurinational State of),AMRO,34408,1032023,40,22053
2022-08-07,BO,Bolivia (Plurinational State of),AMRO,28461,1060484,36,22089
2022-08-14,BO,Bolivia (Plurinational State of),AMRO,16331,1076815,31,22120
2022-08-21,BO,Bolivia (Plurinational State of),AMRO,14653,1091468,47,22167
2022-08-28,BO,Bolivia (Plurinational State of),AMRO,7566,1099034,24,22191
2022-09-04,BO,Bolivia (Plurinational State of),AMRO,4522,1103556,14,22205
2022-09-11,BO,Bolivia (Plurinational State of),AMRO,2256,1105812,11,22216
2022-09-18,BO,Bolivia (Plurinational State of),AMRO,1237,1107049,11,22227
2022-09-25,BO,Bolivia (Plurinational State of),AMRO,733,1107782,5,22232
2022-10-02,BO,Bolivia (Plurinational State of),AMRO,480,1108262,5,22237
2022-10-09,BO,Bolivia (Plurinational State of),AMRO,386,1108648,0,22237
2022-10-16,BO,Bolivia (Plurinational State of),AMRO,300,1108948,0,22237
2022-10-23,BO,Bolivia (Plurinational State of),AMRO,264,1109212,2,22239
2022-10-30,BO,Bolivia (Plurinational State of),AMRO,205,1109417,0,22239
2022-11-06,BO,Bolivia (Plurinational State of),AMRO,164,1109581,1,22240
2022-11-13,BO,Bolivia (Plurinational State of),AMRO,182,1109763,3,22243
2022-11-20,BO,Bolivia (Plurinational State of),AMRO,407,1110170,1,22244
2022-11-27,BO,Bolivia (Plurinational State of),AMRO,438,1110608,1,22245
2022-12-04,BO,Bolivia (Plurinational State of),AMRO,1038,1111646,3,22248
2022-12-11,BO,Bolivia (Plurinational State of),AMRO,5786,1117432,5,22253
2022-12-18,BO,Bolivia (Plurinational State of),AMRO,10152,1127584,9,22262
2022-12-25,BO,Bolivia (Plurinational State of),AMRO,19157,1146741,18,22280
2023-01-01,BO,Bolivia (Plurinational State of),AMRO,14277,1161018,19,22299
2023-01-08,BO,Bolivia (Plurinational State of),AMRO,9349,1170367,19,22318
2023-01-15,BO,Bolivia (Plurinational State of),AMRO,8133,1178500,11,22329
2023-01-22,BO,Bolivia (Plurinational State of),AMRO,5205,1183705,13,22342
2023-01-29,BO,Bolivia (Plurinational State of),AMRO,3387,1187092,3,22345
2023-02-05,BO,Bolivia (Plurinational State of),AMRO,2365,1189457,7,22352
2023-02-12,BO,Bolivia (Plurinational State of),AMRO,1461,1190918,2,22354
2023-02-19,BO,Bolivia (Plurinational State of),AMRO,974,1191892,5,22359
2023-02-26,BO,Bolivia (Plurinational State of),AMRO,804,1192696,5,22364
2023-03-05,BO,Bolivia (Plurinational State of),AMRO,1119,1193815,1,22365
2023-03-12,BO,Bolivia (Plurinational State of),AMRO,572,1194387,1,22366
2023-03-19,BO,Bolivia (Plurinational State of),AMRO,677,1195064,2,22368
2023-03-26,BO,Bolivia (Plurinational State of),AMRO,457,1195521,4,22372
2023-04-02,BO,Bolivia (Plurinational State of),AMRO,359,1195880,2,22374
2023-04-09,BO,Bolivia (Plurinational State of),AMRO,0,1195880,0,22374
2023-04-16,BO,Bolivia (Plurinational State of),AMRO,536,1196416,1,22375
2023-04-23,BO,Bolivia (Plurinational State of),AMRO,403,1196819,1,22376
2023-04-30,BO,Bolivia (Plurinational State of),AMRO,420,1197239,1,22377
2023-05-07,BO,Bolivia (Plurinational State of),AMRO,411,1197650,3,22380
2023-05-14,BO,Bolivia (Plurinational State of),AMRO,333,1197983,2,22382
2023-05-21,BO,Bolivia (Plurinational State of),AMRO,0,1197983,0,22382
2023-05-28,BO,Bolivia (Plurinational State of),AMRO,436,1198419,1,22383
2023-06-04,BO,Bolivia (Plurinational State of),AMRO,557,1198976,0,22383
2023-06-11,BO,Bolivia (Plurinational State of),AMRO,691,1199667,0,22383
2023-06-18,BO,Bolivia (Plurinational State of),AMRO,779,1200446,0,22383
2023-06-25,BO,Bolivia (Plurinational State of),AMRO,1158,1201604,0,22383
2023-07-02,BO,Bolivia (Plurinational State of),AMRO,1105,1202709,0,22383
2023-07-09,BO,Bolivia (Plurinational State of),AMRO,1019,1203728,0,22383
2023-07-16,BO,Bolivia (Plurinational State of),AMRO,903,1204631,0,22383
2023-07-23,BO,Bolivia (Plurinational State of),AMRO,742,1205373,0,22383
2023-07-30,BO,Bolivia (Plurinational State of),AMRO,551,1205924,0,22383
2023-08-06,BO,Bolivia (Plurinational State of),AMRO,459,1206383,0,22383
2023-08-13,BO,Bolivia (Plurinational State of),AMRO,364,1206747,0,22383
2023-08-20,BO,Bolivia (Plurinational State of),AMRO,296,1207043,0,22383
2023-08-27,BO,Bolivia (Plurinational State of),AMRO,284,1207327,0,22383
2023-09-03,BO,Bolivia (Plurinational State of),AMRO,286,1207613,0,22383
2023-09-10,BO,Bolivia (Plurinational State of),AMRO,266,1207879,0,22383
2023-09-17,BO,Bolivia (Plurinational State of),AMRO,191,1208070,0,22383
2023-09-24,BO,Bolivia (Plurinational State of),AMRO,161,1208231,0,22383
2023-10-01,BO,Bolivia (Plurinational State of),AMRO,200,1208431,0,22383
2023-10-08,BO,Bolivia (Plurinational State of),AMRO,163,1208594,0,22383
2023-10-15,BO,Bolivia (Plurinational State of),AMRO,174,1208768,1,22384
2023-10-22,BO,Bolivia (Plurinational State of),AMRO,175,1208943,0,22384
2023-10-29,BO,Bolivia (Plurinational State of),AMRO,193,1209136,1,22385
2023-11-05,BO,Bolivia (Plurinational State of),AMRO,179,1209315,0,22385
2023-11-12,BO,Bolivia (Plurinational State of),AMRO,168,1209483,0,22385
2023-11-19,BO,Bolivia (Plurinational State of),AMRO,150,1209633,0,22385
2023-11-26,BO,Bolivia (Plurinational State of),AMRO,162,1209795,0,22385
2023-12-03,BO,Bolivia (Plurinational State of),AMRO,163,1209958,0,22385
2023-12-10,BO,Bolivia (Plurinational State of),AMRO,195,1210153,0,22385
2023-12-17,BO,Bolivia (Plurinational State of),AMRO,280,1210433,0,22385
2023-12-24,BO,Bolivia (Plurinational State of),AMRO,459,1210892,0,22385
2023-12-31,BO,Bolivia (Plurinational State of),AMRO,824,1211716,0,22385
2020-01-05,BQ,"Bonaire, Saint Eustatius and Saba",AMRO,0,0,0,0
2020-01-12,BQ,"Bonaire, Saint Eustatius and Saba",AMRO,0,0,0,0
2020-01-19,BQ,"Bonaire, Saint Eustatius and Saba",AMRO,0,0,0,0
2020-01-26,BQ,"Bonaire, Saint Eustatius and Saba",AMRO,0,0,0,0
2020-02-02,BQ,"Bonaire, Saint Eustatius and Saba",AMRO,0,0,0,0
2020-02-09,BQ,"Bonaire, Saint Eustatius and Saba",AMRO,0,0,0,0
2020-02-16,BQ,"Bonaire, Saint Eustatius and Saba",AMRO,0,0,0,0
2020-02-23,BQ,"Bonaire, Saint Eustatius and Saba",AMRO,0,0,0,0
2020-03-01,BQ,"Bonaire, Saint Eustatius and Saba",AMRO,0,0,0,0
2020-03-08,BQ,"Bonaire, Saint Eustatius and Saba",AMRO,0,0,0,0
2020-03-15,BQ,"Bonaire, Saint Eustatius and Saba",AMRO,0,0,0,0
2020-03-22,BQ,"Bonaire, Saint Eustatius and Saba",AMRO,0,0,0,0
2020-03-29,BQ,"Bonaire, Saint Eustatius and Saba",AMRO,0,0,0,0
2020-04-05,BQ,"Bonaire, Saint Eustatius and Saba",AMRO,2,2,0,0
2020-04-12,BQ,"Bonaire, Saint Eustatius and Saba",AMRO,1,3,0,0
2020-04-19,BQ,"Bonaire, Saint Eustatius and Saba",AMRO,2,5,0,0
2020-04-26,BQ,"Bonaire, Saint Eustatius and Saba",AMRO,0,5,0,0
2020-05-03,BQ,"Bonaire, Saint Eustatius and Saba",AMRO,1,6,0,0
2020-05-10,BQ,"Bonaire, Saint Eustatius and Saba",AMRO,0,6,0,0
2020-05-17,BQ,"Bonaire, Saint Eustatius and Saba",AMRO,0,6,0,0
2020-05-24,BQ,"Bonaire, Saint Eustatius and Saba",AMRO,0,6,0,0
2020-05-31,BQ,"Bonaire, Saint Eustatius and Saba",AMRO,1,7,0,0
2020-06-07,BQ,"Bonaire, Saint Eustatius and Saba",AMRO,0,7,0,0
2020-06-14,BQ,"Bonaire, Saint Eustatius and Saba",AMRO,0,7,0,0
2020-06-21,BQ,"Bonaire, Saint Eustatius and Saba",AMRO,0,7,0,0
2020-06-28,BQ,"Bonaire, Saint Eustatius and Saba",AMRO,0,7,0,0
2020-07-05,BQ,"Bonaire, Saint Eustatius and Saba",AMRO,0,7,0,0
2020-07-12,BQ,"Bonaire, Saint Eustatius and Saba",AMRO,0,7,0,0
2020-07-19,BQ,"Bonaire, Saint Eustatius and Saba",AMRO,3,10,0,0
2020-07-26,BQ,"Bonaire, Saint Eustatius and Saba",AMRO,1,11,0,0
2020-08-02,BQ,"Bonaire, Saint Eustatius and Saba",AMRO,0,11,0,0
2020-08-09,BQ,"Bonaire, Saint Eustatius and Saba",AMRO,2,13,0,0
2020-08-16,BQ,"Bonaire, Saint Eustatius and Saba",AMRO,0,13,0,0
2020-08-23,BQ,"Bonaire, Saint Eustatius and Saba",AMRO,0,13,0,0
2020-08-30,BQ,"Bonaire, Saint Eustatius and Saba",AMRO,2,15,0,0
2020-09-06,BQ,"Bonaire, Saint Eustatius and Saba",AMRO,3,18,0,0
2020-09-13,BQ,"Bonaire, Saint Eustatius and Saba",AMRO,7,25,0,0
2020-09-20,BQ,"Bonaire, Saint Eustatius and Saba",AMRO,11,36,1,1
2020-09-27,BQ,"Bonaire, Saint Eustatius and Saba",AMRO,49,85,0,1
2020-10-04,BQ,"Bonaire, Saint Eustatius and Saba",AMRO,36,121,0,1
2020-10-11,BQ,"Bonaire, Saint Eustatius and Saba",AMRO,27,148,1,2
2020-10-18,BQ,"Bonaire, Saint Eustatius and Saba",AMRO,2,150,0,2
2020-10-25,BQ,"Bonaire, Saint Eustatius and Saba",AMRO,0,150,1,3
2020-11-01,BQ,"Bonaire, Saint Eustatius and Saba",AMRO,3,153,0,3
2020-11-08,BQ,"Bonaire, Saint Eustatius and Saba",AMRO,1,154,0,3
2020-11-15,BQ,"Bonaire, Saint Eustatius and Saba",AMRO,1,155,0,3
2020-11-22,BQ,"Bonaire, Saint Eustatius and Saba",AMRO,3,158,0,3
2020-11-29,BQ,"Bonaire, Saint Eustatius and Saba",AMRO,3,161,0,3
2020-12-06,BQ,"Bonaire, Saint Eustatius and Saba",AMRO,2,163,0,3
2020-12-13,BQ,"Bonaire, Saint Eustatius and Saba",AMRO,10,173,0,3
2020-12-20,BQ,"Bonaire, Saint Eustatius and Saba",AMRO,4,177,0,3
2020-12-27,BQ,"Bonaire, Saint Eustatius and Saba",AMRO,5,182,0,3
2021-01-03,BQ,"Bonaire, Saint Eustatius and Saba",AMRO,7,189,0,3
2021-01-10,BQ,"Bonaire, Saint Eustatius and Saba",AMRO,89,278,0,3
2021-01-17,BQ,"Bonaire, Saint Eustatius and Saba",AMRO,75,353,0,3
2021-01-24,BQ,"Bonaire, Saint Eustatius and Saba",AMRO,23,376,0,3
2021-01-31,BQ,"Bonaire, Saint Eustatius and Saba",AMRO,12,388,0,3
2021-02-07,BQ,"Bonaire, Saint Eustatius and Saba",AMRO,4,392,0,3
2021-02-14,BQ,"Bonaire, Saint Eustatius and Saba",AMRO,6,398,1,4
2021-02-21,BQ,"Bonaire, Saint Eustatius and Saba",AMRO,15,413,0,4
2021-02-28,BQ,"Bonaire, Saint Eustatius and Saba",AMRO,19,432,0,4
2021-03-07,BQ,"Bonaire, Saint Eustatius and Saba",AMRO,49,481,1,5
2021-03-14,BQ,"Bonaire, Saint Eustatius and Saba",AMRO,178,659,1,6
2021-03-21,BQ,"Bonaire, Saint Eustatius and Saba",AMRO,286,945,0,6
2021-03-28,BQ,"Bonaire, Saint Eustatius and Saba",AMRO,302,1247,4,10
2021-04-04,BQ,"Bonaire, Saint Eustatius and Saba",AMRO,164,1411,1,11
2021-04-11,BQ,"Bonaire, Saint Eustatius and Saba",AMRO,90,1501,3,14
2021-04-18,BQ,"Bonaire, Saint Eustatius and Saba",AMRO,36,1537,0,14
2021-04-25,BQ,"Bonaire, Saint Eustatius and Saba",AMRO,16,1553,1,15
2021-05-02,BQ,"Bonaire, Saint Eustatius and Saba",AMRO,4,1557,1,16
2021-05-09,BQ,"Bonaire, Saint Eustatius and Saba",AMRO,17,1574,0,16
2021-05-16,BQ,"Bonaire, Saint Eustatius and Saba",AMRO,17,1591,1,17
2021-05-23,BQ,"Bonaire, Saint Eustatius and Saba",AMRO,16,1607,0,17
2021-05-30,BQ,"Bonaire, Saint Eustatius and Saba",AMRO,5,1612,0,17
2021-06-06,BQ,"Bonaire, Saint Eustatius and Saba",AMRO,4,1616,0,17
2021-06-13,BQ,"Bonaire, Saint Eustatius and Saba",AMRO,2,1618,0,17
2021-06-20,BQ,"Bonaire, Saint Eustatius and Saba",AMRO,12,1630,0,17
2021-06-27,BQ,"Bonaire, Saint Eustatius and Saba",AMRO,6,1636,0,17
2021-07-04,BQ,"Bonaire, Saint Eustatius and Saba",AMRO,15,1651,0,17
2021-07-11,BQ,"Bonaire, Saint Eustatius and Saba",AMRO,4,1655,0,17
2021-07-18,BQ,"Bonaire, Saint Eustatius and Saba",AMRO,13,1668,0,17
2021-07-25,BQ,"Bonaire, Saint Eustatius and Saba",AMRO,22,1690,0,17
2021-08-01,BQ,"Bonaire, Saint Eustatius and Saba",AMRO,15,1705,0,17
2021-08-08,BQ,"Bonaire, Saint Eustatius and Saba",AMRO,10,1715,0,17
2021-08-15,BQ,"Bonaire, Saint Eustatius and Saba",AMRO,23,1738,0,17
2021-08-22,BQ,"Bonaire, Saint Eustatius and Saba",AMRO,29,1767,0,17
2021-08-29,BQ,"Bonaire, Saint Eustatius and Saba",AMRO,16,1783,0,17
2021-09-05,BQ,"Bonaire, Saint Eustatius and Saba",AMRO,18,1801,0,17
2021-09-12,BQ,"Bonaire, Saint Eustatius and Saba",AMRO,94,1895,0,17
2021-09-19,BQ,"Bonaire, Saint Eustatius and Saba",AMRO,61,1956,0,17
2021-09-26,BQ,"Bonaire, Saint Eustatius and Saba",AMRO,42,1998,1,18
2021-10-03,BQ,"Bonaire, Saint Eustatius and Saba",AMRO,101,2099,2,20
2021-10-10,BQ,"Bonaire, Saint Eustatius and Saba",AMRO,105,2204,0,20
2021-10-17,BQ,"Bonaire, Saint Eustatius and Saba",AMRO,102,2306,-1,19
2021-10-24,BQ,"Bonaire, Saint Eustatius and Saba",AMRO,67,2373,0,19
2021-10-31,BQ,"Bonaire, Saint Eustatius and Saba",AMRO,38,2411,0,19
2021-11-07,BQ,"Bonaire, Saint Eustatius and Saba",AMRO,64,2475,0,19
2021-11-14,BQ,"Bonaire, Saint Eustatius and Saba",AMRO,109,2584,2,21
2021-11-21,BQ,"Bonaire, Saint Eustatius and Saba",AMRO,86,2670,0,21
2021-11-28,BQ,"Bonaire, Saint Eustatius and Saba",AMRO,156,2826,1,22
2021-12-05,BQ,"Bonaire, Saint Eustatius and Saba",AMRO,172,2998,0,22
2021-12-12,BQ,"Bonaire, Saint Eustatius and Saba",AMRO,112,3110,0,22
2021-12-19,BQ,"Bonaire, Saint Eustatius and Saba",AMRO,67,3177,0,22
2021-12-26,BQ,"Bonaire, Saint Eustatius and Saba",AMRO,62,3239,0,22
2022-01-02,BQ,"Bonaire, Saint Eustatius and Saba",AMRO,186,3425,1,23
2022-01-09,BQ,"Bonaire, Saint Eustatius and Saba",AMRO,687,4112,0,23
2022-01-16,BQ,"Bonaire, Saint Eustatius and Saba",AMRO,1041,5153,2,25
2022-01-23,BQ,"Bonaire, Saint Eustatius and Saba",AMRO,919,6072,2,27
2022-01-30,BQ,"Bonaire, Saint Eustatius and Saba",AMRO,778,6850,0,27
2022-02-06,BQ,"Bonaire, Saint Eustatius and Saba",AMRO,296,7146,2,29
2022-02-13,BQ,"Bonaire, Saint Eustatius and Saba",AMRO,228,7374,2,31
2022-02-20,BQ,"Bonaire, Saint Eustatius and Saba",AMRO,124,7498,0,31
2022-02-27,BQ,"Bonaire, Saint Eustatius and Saba",AMRO,84,7582,0,31
2022-03-06,BQ,"Bonaire, Saint Eustatius and Saba",AMRO,40,7622,0,31
2022-03-13,BQ,"Bonaire, Saint Eustatius and Saba",AMRO,11,7633,0,31
2022-03-20,BQ,"Bonaire, Saint Eustatius and Saba",AMRO,20,7653,0,31
2022-03-27,BQ,"Bonaire, Saint Eustatius and Saba",AMRO,386,8039,0,31
2022-04-03,BQ,"Bonaire, Saint Eustatius and Saba",AMRO,150,8189,0,31
2022-04-10,BQ,"Bonaire, Saint Eustatius and Saba",AMRO,694,8883,2,33
2022-04-17,BQ,"Bonaire, Saint Eustatius and Saba",AMRO,161,9044,0,33
2022-04-24,BQ,"Bonaire, Saint Eustatius and Saba",AMRO,547,9591,1,34
2022-05-01,BQ,"Bonaire, Saint Eustatius and Saba",AMRO,154,9745,0,34
2022-05-08,BQ,"Bonaire, Saint Eustatius and Saba",AMRO,89,9834,0,34
2022-05-15,BQ,"Bonaire, Saint Eustatius and Saba",AMRO,109,9943,1,35
2022-05-22,BQ,"Bonaire, Saint Eustatius and Saba",AMRO,75,10018,0,35
2022-05-29,BQ,"Bonaire, Saint Eustatius and Saba",AMRO,58,10076,0,35
2022-06-05,BQ,"Bonaire, Saint Eustatius and Saba",AMRO,47,10123,0,35
2022-06-12,BQ,"Bonaire, Saint Eustatius and Saba",AMRO,71,10194,1,36
2022-06-19,BQ,"Bonaire, Saint Eustatius and Saba",AMRO,55,10249,0,36
2022-06-26,BQ,"Bonaire, Saint Eustatius and Saba",AMRO,71,10320,1,37
2022-07-03,BQ,"Bonaire, Saint Eustatius and Saba",AMRO,85,10405,0,37
2022-07-10,BQ,"Bonaire, Saint Eustatius and Saba",AMRO,27,10432,0,37
2022-07-17,BQ,"Bonaire, Saint Eustatius and Saba",AMRO,123,10555,0,37
2022-07-24,BQ,"Bonaire, Saint Eustatius and Saba",AMRO,183,10738,0,37
2022-07-31,BQ,"Bonaire, Saint Eustatius and Saba",AMRO,96,10834,0,37
2022-08-07,BQ,"Bonaire, Saint Eustatius and Saba",AMRO,63,10897,0,37
2022-08-14,BQ,"Bonaire, Saint Eustatius and Saba",AMRO,102,10999,0,37
2022-08-21,BQ,"Bonaire, Saint Eustatius and Saba",AMRO,92,11091,0,37
2022-08-28,BQ,"Bonaire, Saint Eustatius and Saba",AMRO,82,11173,1,38
2022-09-04,BQ,"Bonaire, Saint Eustatius and Saba",AMRO,57,11230,0,38
2022-09-11,BQ,"Bonaire, Saint Eustatius and Saba",AMRO,49,11279,0,38
2022-09-18,BQ,"Bonaire, Saint Eustatius and Saba",AMRO,27,11306,0,38
2022-09-25,BQ,"Bonaire, Saint Eustatius and Saba",AMRO,17,11323,0,38
2022-10-02,BQ,"Bonaire, Saint Eustatius and Saba",AMRO,22,11345,0,38
2022-10-09,BQ,"Bonaire, Saint Eustatius and Saba",AMRO,21,11366,0,38
2022-10-16,BQ,"Bonaire, Saint Eustatius and Saba",AMRO,29,11395,0,38
2022-10-23,BQ,"Bonaire, Saint Eustatius and Saba",AMRO,32,11427,0,38
2022-10-30,BQ,"Bonaire, Saint Eustatius and Saba",AMRO,23,11450,0,38
2022-11-06,BQ,"Bonaire, Saint Eustatius and Saba",AMRO,17,11467,0,38
2022-11-13,BQ,"Bonaire, Saint Eustatius and Saba",AMRO,23,11490,0,38
2022-11-20,BQ,"Bonaire, Saint Eustatius and Saba",AMRO,26,11516,0,38
2022-11-27,BQ,"Bonaire, Saint Eustatius and Saba",AMRO,28,11544,0,38
2022-12-04,BQ,"Bonaire, Saint Eustatius and Saba",AMRO,11,11555,0,38
2022-12-11,BQ,"Bonaire, Saint Eustatius and Saba",AMRO,41,11596,0,38
2022-12-18,BQ,"Bonaire, Saint Eustatius and Saba",AMRO,65,11661,0,38
2022-12-25,BQ,"Bonaire, Saint Eustatius and Saba",AMRO,55,11716,1,39
2023-01-01,BQ,"Bonaire, Saint Eustatius and Saba",AMRO,0,11716,1,40
2023-01-08,BQ,"Bonaire, Saint Eustatius and Saba",AMRO,48,11764,1,41
2023-01-15,BQ,"Bonaire, Saint Eustatius and Saba",AMRO,12,11776,0,41
2023-01-22,BQ,"Bonaire, Saint Eustatius and Saba",AMRO,3,11779,0,41
2023-01-29,BQ,"Bonaire, Saint Eustatius and Saba",AMRO,4,11783,0,41
2023-02-05,BQ,"Bonaire, Saint Eustatius and Saba",AMRO,11,11794,0,41
2023-02-12,BQ,"Bonaire, Saint Eustatius and Saba",AMRO,3,11797,0,41
2023-02-19,BQ,"Bonaire, Saint Eustatius and Saba",AMRO,2,11799,0,41
2023-02-26,BQ,"Bonaire, Saint Eustatius and Saba",AMRO,5,11804,0,41
2023-03-05,BQ,"Bonaire, Saint Eustatius and Saba",AMRO,7,11811,0,41
2023-03-12,BQ,"Bonaire, Saint Eustatius and Saba",AMRO,0,11811,0,41
2023-03-19,BQ,"Bonaire, Saint Eustatius and Saba",AMRO,1,11812,0,41
2023-03-26,BQ,"Bonaire, Saint Eustatius and Saba",AMRO,35,11847,0,41
2023-04-02,BQ,"Bonaire, Saint Eustatius and Saba",AMRO,38,11885,0,41
2023-04-09,BQ,"Bonaire, Saint Eustatius and Saba",AMRO,0,11885,0,41
2023-04-16,BQ,"Bonaire, Saint Eustatius and Saba",AMRO,0,11885,0,41
2023-04-23,BQ,"Bonaire, Saint Eustatius and Saba",AMRO,0,11885,0,41
2023-04-30,BQ,"Bonaire, Saint Eustatius and Saba",AMRO,0,11885,0,41
2023-05-07,BQ,"Bonaire, Saint Eustatius and Saba",AMRO,24,11909,0,41
2023-05-14,BQ,"Bonaire, Saint Eustatius and Saba",AMRO,0,11909,0,41
2023-05-21,BQ,"Bonaire, Saint Eustatius and Saba",AMRO,0,11909,0,41
2023-05-28,BQ,"Bonaire, Saint Eustatius and Saba",AMRO,0,11909,0,41
2023-06-04,BQ,"Bonaire, Saint Eustatius and Saba",AMRO,12,11921,0,41
2023-06-11,BQ,"Bonaire, Saint Eustatius and Saba",AMRO,0,11921,0,41
2023-06-18,BQ,"Bonaire, Saint Eustatius and Saba",AMRO,0,11921,0,41
2023-06-25,BQ,"Bonaire, Saint Eustatius and Saba",AMRO,0,11921,0,41
2023-07-02,BQ,"Bonaire, Saint Eustatius and Saba",AMRO,0,11921,0,41
2023-07-09,BQ,"Bonaire, Saint Eustatius and Saba",AMRO,1,11922,0,41
2023-07-16,BQ,"Bonaire, Saint Eustatius and Saba",AMRO,0,11922,0,41
2023-07-23,BQ,"Bonaire, Saint Eustatius and Saba",AMRO,0,11922,0,41
2023-07-30,BQ,"Bonaire, Saint Eustatius and Saba",AMRO,0,11922,0,41
2023-08-06,BQ,"Bonaire, Saint Eustatius and Saba",AMRO,0,11922,0,41
2023-08-13,BQ,"Bonaire, Saint Eustatius and Saba",AMRO,0,11922,0,41
2023-08-20,BQ,"Bonaire, Saint Eustatius and Saba",AMRO,0,11922,0,41
2023-08-27,BQ,"Bonaire, Saint Eustatius and Saba",AMRO,0,11922,0,41
2023-09-03,BQ,"Bonaire, Saint Eustatius and Saba",AMRO,0,11922,0,41
2023-09-10,BQ,"Bonaire, Saint Eustatius and Saba",AMRO,0,11922,0,41
2023-09-17,BQ,"Bonaire, Saint Eustatius and Saba",AMRO,0,11922,0,41
2023-09-24,BQ,"Bonaire, Saint Eustatius and Saba",AMRO,0,11922,0,41
2023-10-01,BQ,"Bonaire, Saint Eustatius and Saba",AMRO,0,11922,0,41
2023-10-08,BQ,"Bonaire, Saint Eustatius and Saba",AMRO,0,11922,0,41
2023-10-15,BQ,"Bonaire, Saint Eustatius and Saba",AMRO,0,11922,0,41
2023-10-22,BQ,"Bonaire, Saint Eustatius and Saba",AMRO,0,11922,0,41
2023-10-29,BQ,"Bonaire, Saint Eustatius and Saba",AMRO,0,11922,0,41
2023-11-05,BQ,"Bonaire, Saint Eustatius and Saba",AMRO,0,11922,0,41
2023-11-12,BQ,"Bonaire, Saint Eustatius and Saba",AMRO,0,11922,0,41
2023-11-19,BQ,"Bonaire, Saint Eustatius and Saba",AMRO,0,11922,0,41
2023-11-26,BQ,"Bonaire, Saint Eustatius and Saba",AMRO,0,11922,0,41
2023-12-03,BQ,"Bonaire, Saint Eustatius and Saba",AMRO,0,11922,0,41
2023-12-10,BQ,"Bonaire, Saint Eustatius and Saba",AMRO,0,11922,0,41
2023-12-17,BQ,"Bonaire, Saint Eustatius and Saba",AMRO,0,11922,0,41
2023-12-24,BQ,"Bonaire, Saint Eustatius and Saba",AMRO,0,11922,0,41
2023-12-31,BQ,"Bonaire, Saint Eustatius and Saba",AMRO,0,11922,0,41
2020-01-05,BA,Bosnia and Herzegovina,EURO,0,0,0,0
2020-01-12,BA,Bosnia and Herzegovina,EURO,0,0,0,0
2020-01-19,BA,Bosnia and Herzegovina,EURO,0,0,0,0
2020-01-26,BA,Bosnia and Herzegovina,EURO,0,0,0,0
2020-02-02,BA,Bosnia and Herzegovina,EURO,0,0,0,0
2020-02-09,BA,Bosnia and Herzegovina,EURO,0,0,0,0
2020-02-16,BA,Bosnia and Herzegovina,EURO,0,0,0,0
2020-02-23,BA,Bosnia and Herzegovina,EURO,0,0,0,0
2020-03-01,BA,Bosnia and Herzegovina,EURO,0,0,0,0
2020-03-08,BA,Bosnia and Herzegovina,EURO,2,2,0,0
2020-03-15,BA,Bosnia and Herzegovina,EURO,11,13,0,0
2020-03-22,BA,Bosnia and Herzegovina,EURO,112,125,1,1
2020-03-29,BA,Bosnia and Herzegovina,EURO,193,318,5,6
2020-04-05,BA,Bosnia and Herzegovina,EURO,301,619,15,21
2020-04-12,BA,Bosnia and Herzegovina,EURO,316,935,16,37
2020-04-19,BA,Bosnia and Herzegovina,EURO,333,1268,10,47
2020-04-26,BA,Bosnia and Herzegovina,EURO,218,1486,10,57
2020-05-03,BA,Bosnia and Herzegovina,EURO,353,1839,15,72
2020-05-10,BA,Bosnia and Herzegovina,EURO,251,2090,30,102
2020-05-17,BA,Bosnia and Herzegovina,EURO,177,2267,27,129
2020-05-24,BA,Bosnia and Herzegovina,EURO,124,2391,12,141
2020-05-31,BA,Bosnia and Herzegovina,EURO,103,2494,12,153
2020-06-07,BA,Bosnia and Herzegovina,EURO,152,2646,6,159
2020-06-14,BA,Bosnia and Herzegovina,EURO,247,2893,4,163
2020-06-21,BA,Bosnia and Herzegovina,EURO,454,3347,7,170
2020-06-28,BA,Bosnia and Herzegovina,EURO,751,4098,10,180
2020-07-05,BA,Bosnia and Herzegovina,EURO,1152,5250,13,193
2020-07-12,BA,Bosnia and Herzegovina,EURO,1470,6720,26,219
2020-07-19,BA,Bosnia and Herzegovina,EURO,1444,8164,29,248
2020-07-26,BA,Bosnia and Herzegovina,EURO,1888,10052,37,285
2020-08-02,BA,Bosnia and Herzegovina,EURO,1824,11876,54,339
2020-08-09,BA,Bosnia and Herzegovina,EURO,2213,14089,63,402
2020-08-16,BA,Bosnia and Herzegovina,EURO,1701,15790,69,471
2020-08-23,BA,Bosnia and Herzegovina,EURO,1924,17714,60,531
2020-08-30,BA,Bosnia and Herzegovina,EURO,1836,19550,63,594
2020-09-06,BA,Bosnia and Herzegovina,EURO,1889,21439,57,651
2020-09-13,BA,Bosnia and Herzegovina,EURO,1700,23139,39,690
2020-09-20,BA,Bosnia and Herzegovina,EURO,2078,25217,68,758
2020-09-27,BA,Bosnia and Herzegovina,EURO,1582,26799,57,815
2020-10-04,BA,Bosnia and Herzegovina,EURO,1438,28237,62,877
2020-10-11,BA,Bosnia and Herzegovina,EURO,2108,30345,50,927
2020-10-18,BA,Bosnia and Herzegovina,EURO,3212,33557,55,982
2020-10-25,BA,Bosnia and Herzegovina,EURO,6201,39758,89,1071
2020-11-01,BA,Bosnia and Herzegovina,EURO,10332,50090,163,1234
2020-11-08,BA,Bosnia and Herzegovina,EURO,11122,61212,256,1490
2020-11-15,BA,Bosnia and Herzegovina,EURO,9688,70900,367,1857
2020-11-22,BA,Bosnia and Herzegovina,EURO,8409,79309,392,2249
2020-11-29,BA,Bosnia and Herzegovina,EURO,7401,86710,327,2576
2020-12-06,BA,Bosnia and Herzegovina,EURO,7058,93768,346,2922
2020-12-13,BA,Bosnia and Herzegovina,EURO,6538,100306,376,3298
2020-12-20,BA,Bosnia and Herzegovina,EURO,5218,105524,327,3625
2020-12-27,BA,Bosnia and Herzegovina,EURO,3806,109330,298,3923
2021-01-03,BA,Bosnia and Herzegovina,EURO,3015,112345,177,4100
2021-01-10,BA,Bosnia and Herzegovina,EURO,3034,115379,205,4305
2021-01-17,BA,Bosnia and Herzegovina,EURO,2414,117793,144,4449
2021-01-24,BA,Bosnia and Herzegovina,EURO,2047,119840,120,4569
2021-01-31,BA,Bosnia and Herzegovina,EURO,2051,121891,127,4696
2021-02-07,BA,Bosnia and Herzegovina,EURO,1813,123704,95,4791
2021-02-14,BA,Bosnia and Herzegovina,EURO,1938,125642,101,4892
2021-02-21,BA,Bosnia and Herzegovina,EURO,2407,128049,103,4995
2021-02-28,BA,Bosnia and Herzegovina,EURO,3641,131690,93,5088
2021-03-07,BA,Bosnia and Herzegovina,EURO,4808,136498,159,5247
2021-03-14,BA,Bosnia and Herzegovina,EURO,6720,143218,241,5488
2021-03-21,BA,Bosnia and Herzegovina,EURO,9536,152754,329,5817
2021-03-28,BA,Bosnia and Herzegovina,EURO,11121,163875,461,6278
2021-04-04,BA,Bosnia and Herzegovina,EURO,10971,174846,507,6785
2021-04-11,BA,Bosnia and Herzegovina,EURO,8279,183125,555,7340
2021-04-18,BA,Bosnia and Herzegovina,EURO,7171,190296,479,7819
2021-04-25,BA,Bosnia and Herzegovina,EURO,5175,195471,405,8224
2021-05-02,BA,Bosnia and Herzegovina,EURO,3361,198832,337,8561
2021-05-09,BA,Bosnia and Herzegovina,EURO,2157,200989,232,8793
2021-05-16,BA,Bosnia and Herzegovina,EURO,1324,202313,196,8989
2021-05-23,BA,Bosnia and Herzegovina,EURO,940,203253,110,9099
2021-05-30,BA,Bosnia and Herzegovina,EURO,685,203938,105,9204
2021-06-06,BA,Bosnia and Herzegovina,EURO,422,204360,173,9377
2021-06-13,BA,Bosnia and Herzegovina,EURO,283,204643,93,9470
2021-06-20,BA,Bosnia and Herzegovina,EURO,199,204842,146,9616
2021-06-27,BA,Bosnia and Herzegovina,EURO,125,204967,22,9638
2021-07-04,BA,Bosnia and Herzegovina,EURO,91,205058,11,9649
2021-07-11,BA,Bosnia and Herzegovina,EURO,110,205168,7,9656
2021-07-18,BA,Bosnia and Herzegovina,EURO,133,205301,12,9668
2021-07-25,BA,Bosnia and Herzegovina,EURO,158,205459,7,9675
2021-08-01,BA,Bosnia and Herzegovina,EURO,263,205722,14,9689
2021-08-08,BA,Bosnia and Herzegovina,EURO,494,206216,2,9691
2021-08-15,BA,Bosnia and Herzegovina,EURO,1120,207336,17,9708
2021-08-22,BA,Bosnia and Herzegovina,EURO,2197,209533,16,9724
2021-08-29,BA,Bosnia and Herzegovina,EURO,3351,212884,61,9785
2021-09-05,BA,Bosnia and Herzegovina,EURO,3931,216815,88,9873
2021-09-12,BA,Bosnia and Herzegovina,EURO,4729,221544,143,10016
2021-09-19,BA,Bosnia and Herzegovina,EURO,5280,226824,203,10219
2021-09-26,BA,Bosnia and Herzegovina,EURO,4781,231605,224,10443
2021-10-03,BA,Bosnia and Herzegovina,EURO,4813,236418,212,10655
2021-10-10,BA,Bosnia and Herzegovina,EURO,4394,240812,232,10887
2021-10-17,BA,Bosnia and Herzegovina,EURO,3777,244589,251,11138
2021-10-24,BA,Bosnia and Herzegovina,EURO,4101,248690,208,11346
2021-10-31,BA,Bosnia and Herzegovina,EURO,5067,253757,182,11528
2021-11-07,BA,Bosnia and Herzegovina,EURO,5476,259233,239,11767
2021-11-14,BA,Bosnia and Herzegovina,EURO,5329,264562,218,11985
2021-11-21,BA,Bosnia and Herzegovina,EURO,4669,269231,253,12238
2021-11-28,BA,Bosnia and Herzegovina,EURO,4386,273617,241,12479
2021-12-05,BA,Bosnia and Herzegovina,EURO,4464,278081,235,12714
2021-12-12,BA,Bosnia and Herzegovina,EURO,3438,281519,219,12933
2021-12-19,BA,Bosnia and Herzegovina,EURO,3249,284768,202,13135
2021-12-26,BA,Bosnia and Herzegovina,EURO,2948,287716,148,13283
2022-01-02,BA,Bosnia and Herzegovina,EURO,4421,292137,177,13460
2022-01-09,BA,Bosnia and Herzegovina,EURO,8337,300474,145,13605
2022-01-16,BA,Bosnia and Herzegovina,EURO,14469,314943,152,13757
2022-01-23,BA,Bosnia and Herzegovina,EURO,17250,332193,248,14005
2022-01-30,BA,Bosnia and Herzegovina,EURO,13819,346012,340,14345
2022-02-06,BA,Bosnia and Herzegovina,EURO,9907,355919,352,14697
2022-02-13,BA,Bosnia and Herzegovina,EURO,7897,363816,316,15013
2022-02-20,BA,Bosnia and Herzegovina,EURO,4488,368304,256,15269
2022-02-27,BA,Bosnia and Herzegovina,EURO,2660,370964,151,15420
2022-03-06,BA,Bosnia and Herzegovina,EURO,1364,372328,138,15558
2022-03-13,BA,Bosnia and Herzegovina,EURO,947,373275,60,15618
2022-03-20,BA,Bosnia and Herzegovina,EURO,892,374167,49,15667
2022-03-27,BA,Bosnia and Herzegovina,EURO,706,374873,36,15703
2022-04-03,BA,Bosnia and Herzegovina,EURO,792,375665,15,15718
2022-04-10,BA,Bosnia and Herzegovina,EURO,446,376111,14,15732
2022-04-17,BA,Bosnia and Herzegovina,EURO,372,376483,19,15751
2022-04-24,BA,Bosnia and Herzegovina,EURO,308,376791,9,15760
2022-05-01,BA,Bosnia and Herzegovina,EURO,320,377111,5,15765
2022-05-08,BA,Bosnia and Herzegovina,EURO,212,377323,3,15768
2022-05-15,BA,Bosnia and Herzegovina,EURO,234,377557,11,15779
2022-05-22,BA,Bosnia and Herzegovina,EURO,172,377729,4,15783
2022-05-29,BA,Bosnia and Herzegovina,EURO,137,377866,4,15787
2022-06-05,BA,Bosnia and Herzegovina,EURO,113,377979,1,15788
2022-06-12,BA,Bosnia and Herzegovina,EURO,110,378089,5,15793
2022-06-19,BA,Bosnia and Herzegovina,EURO,138,378227,3,15796
2022-06-26,BA,Bosnia and Herzegovina,EURO,230,378457,3,15799
2022-07-03,BA,Bosnia and Herzegovina,EURO,388,378845,7,15806
2022-07-10,BA,Bosnia and Herzegovina,EURO,829,379674,3,15809
2022-07-17,BA,Bosnia and Herzegovina,EURO,1258,380932,8,15817
2022-07-24,BA,Bosnia and Herzegovina,EURO,2248,383180,11,15828
2022-07-31,BA,Bosnia and Herzegovina,EURO,2562,385742,36,15864
2022-08-07,BA,Bosnia and Herzegovina,EURO,2416,388158,44,15908
2022-08-14,BA,Bosnia and Herzegovina,EURO,2847,391005,35,15943
2022-08-21,BA,Bosnia and Herzegovina,EURO,2478,393483,40,15983
2022-08-28,BA,Bosnia and Herzegovina,EURO,1833,395316,45,16028
2022-09-04,BA,Bosnia and Herzegovina,EURO,1086,396402,34,16062
2022-09-11,BA,Bosnia and Herzegovina,EURO,813,397215,28,16090
2022-09-18,BA,Bosnia and Herzegovina,EURO,690,397905,18,16108
2022-09-25,BA,Bosnia and Herzegovina,EURO,456,398361,15,16123
2022-10-02,BA,Bosnia and Herzegovina,EURO,435,398796,15,16138
2022-10-09,BA,Bosnia and Herzegovina,EURO,345,399141,14,16152
2022-10-16,BA,Bosnia and Herzegovina,EURO,305,399446,4,16156
2022-10-23,BA,Bosnia and Herzegovina,EURO,229,399675,9,16165
2022-10-30,BA,Bosnia and Herzegovina,EURO,239,399914,4,16169
2022-11-06,BA,Bosnia and Herzegovina,EURO,155,400069,11,16180
2022-11-13,BA,Bosnia and Herzegovina,EURO,138,400207,5,16185
2022-11-20,BA,Bosnia and Herzegovina,EURO,140,400347,5,16190
2022-11-27,BA,Bosnia and Herzegovina,EURO,131,400478,10,16200
2022-12-04,BA,Bosnia and Herzegovina,EURO,102,400580,3,16203
2022-12-11,BA,Bosnia and Herzegovina,EURO,94,400674,9,16212
2022-12-18,BA,Bosnia and Herzegovina,EURO,137,400811,7,16219
2022-12-25,BA,Bosnia and Herzegovina,EURO,149,400960,3,16222
2023-01-01,BA,Bosnia and Herzegovina,EURO,151,401111,12,16234
2023-01-08,BA,Bosnia and Herzegovina,EURO,149,401260,7,16241
2023-01-15,BA,Bosnia and Herzegovina,EURO,168,401428,13,16254
2023-01-22,BA,Bosnia and Herzegovina,EURO,115,401543,6,16260
2023-01-29,BA,Bosnia and Herzegovina,EURO,92,401635,8,16268
2023-02-05,BA,Bosnia and Herzegovina,EURO,68,401703,6,16274
2023-02-12,BA,Bosnia and Herzegovina,EURO,70,401773,4,16278
2023-02-19,BA,Bosnia and Herzegovina,EURO,87,401860,12,16290
2023-02-26,BA,Bosnia and Herzegovina,EURO,88,401948,4,16294
2023-03-05,BA,Bosnia and Herzegovina,EURO,114,402062,1,16295
2023-03-12,BA,Bosnia and Herzegovina,EURO,162,402224,3,16298
2023-03-19,BA,Bosnia and Herzegovina,EURO,113,402337,11,16309
2023-03-26,BA,Bosnia and Herzegovina,EURO,122,402459,10,16319
2023-04-02,BA,Bosnia and Herzegovina,EURO,99,402558,6,16325
2023-04-09,BA,Bosnia and Herzegovina,EURO,96,402654,4,16329
2023-04-16,BA,Bosnia and Herzegovina,EURO,72,402726,3,16332
2023-04-23,BA,Bosnia and Herzegovina,EURO,88,402814,4,16336
2023-04-30,BA,Bosnia and Herzegovina,EURO,73,402887,1,16337
2023-05-07,BA,Bosnia and Herzegovina,EURO,34,402921,2,16339
2023-05-14,BA,Bosnia and Herzegovina,EURO,6,402927,1,16340
2023-05-21,BA,Bosnia and Herzegovina,EURO,31,402958,6,16346
2023-05-28,BA,Bosnia and Herzegovina,EURO,22,402980,0,16346
2023-06-04,BA,Bosnia and Herzegovina,EURO,18,402998,1,16347
2023-06-11,BA,Bosnia and Herzegovina,EURO,32,403030,1,16348
2023-06-18,BA,Bosnia and Herzegovina,EURO,11,403041,2,16350
2023-06-25,BA,Bosnia and Herzegovina,EURO,2,403043,0,16350
2023-07-02,BA,Bosnia and Herzegovina,EURO,4,403047,0,16350
2023-07-09,BA,Bosnia and Herzegovina,EURO,2,403049,2,16352
2023-07-16,BA,Bosnia and Herzegovina,EURO,3,403052,0,16352
2023-07-23,BA,Bosnia and Herzegovina,EURO,0,403052,0,16352
2023-07-30,BA,Bosnia and Herzegovina,EURO,1,403053,0,16352
2023-08-06,BA,Bosnia and Herzegovina,EURO,4,403057,0,16352
2023-08-13,BA,Bosnia and Herzegovina,EURO,4,403061,0,16352
2023-08-20,BA,Bosnia and Herzegovina,EURO,0,403061,0,16352
2023-08-27,BA,Bosnia and Herzegovina,EURO,3,403064,0,16352
2023-09-03,BA,Bosnia and Herzegovina,EURO,6,403070,0,16352
2023-09-10,BA,Bosnia and Herzegovina,EURO,21,403091,0,16352
2023-09-17,BA,Bosnia and Herzegovina,EURO,26,403117,0,16352
2023-09-24,BA,Bosnia and Herzegovina,EURO,19,403136,0,16352
2023-10-01,BA,Bosnia and Herzegovina,EURO,19,403155,2,16354
2023-10-08,BA,Bosnia and Herzegovina,EURO,28,403183,1,16355
2023-10-15,BA,Bosnia and Herzegovina,EURO,54,403237,6,16361
2023-10-22,BA,Bosnia and Herzegovina,EURO,29,403266,1,16362
2023-10-29,BA,Bosnia and Herzegovina,EURO,0,403266,0,16362
2023-11-05,BA,Bosnia and Herzegovina,EURO,17,403283,2,16364
2023-11-12,BA,Bosnia and Herzegovina,EURO,27,403310,0,16364
2023-11-19,BA,Bosnia and Herzegovina,EURO,18,403328,3,16367
2023-11-26,BA,Bosnia and Herzegovina,EURO,27,403355,3,16370
2023-12-03,BA,Bosnia and Herzegovina,EURO,43,403398,2,16372
2023-12-10,BA,Bosnia and Herzegovina,EURO,36,403434,3,16375
2023-12-17,BA,Bosnia and Herzegovina,EURO,34,403468,3,16378
2023-12-24,BA,Bosnia and Herzegovina,EURO,0,403468,0,16378
2023-12-31,BA,Bosnia and Herzegovina,EURO,0,403468,0,16378
2020-01-05,BW,Botswana,AFRO,0,0,0,0
2020-01-12,BW,Botswana,AFRO,0,0,0,0
2020-01-19,BW,Botswana,AFRO,0,0,0,0
2020-01-26,BW,Botswana,AFRO,0,0,0,0
2020-02-02,BW,Botswana,AFRO,0,0,0,0
2020-02-09,BW,Botswana,AFRO,0,0,0,0
2020-02-16,BW,Botswana,AFRO,0,0,0,0
2020-02-23,BW,Botswana,AFRO,0,0,0,0
2020-03-01,BW,Botswana,AFRO,0,0,0,0
2020-03-08,BW,Botswana,AFRO,0,0,0,0
2020-03-15,BW,Botswana,AFRO,0,0,0,0
2020-03-22,BW,Botswana,AFRO,0,0,0,0
2020-03-29,BW,Botswana,AFRO,0,0,1,1
2020-04-05,BW,Botswana,AFRO,4,4,0,1
2020-04-12,BW,Botswana,AFRO,9,13,0,1
2020-04-19,BW,Botswana,AFRO,2,15,0,1
2020-04-26,BW,Botswana,AFRO,7,22,0,1
2020-05-03,BW,Botswana,AFRO,1,23,0,1
2020-05-10,BW,Botswana,AFRO,0,23,0,1
2020-05-17,BW,Botswana,AFRO,2,25,0,1
2020-05-24,BW,Botswana,AFRO,7,32,0,1
2020-05-31,BW,Botswana,AFRO,3,35,0,1
2020-06-07,BW,Botswana,AFRO,5,40,0,1
2020-06-14,BW,Botswana,AFRO,37,77,0,1
2020-06-21,BW,Botswana,AFRO,12,89,0,1
2020-06-28,BW,Botswana,AFRO,36,125,0,1
2020-07-05,BW,Botswana,AFRO,150,275,0,1
2020-07-12,BW,Botswana,AFRO,39,314,0,1
2020-07-19,BW,Botswana,AFRO,208,522,0,1
2020-07-26,BW,Botswana,AFRO,164,686,0,1
2020-08-02,BW,Botswana,AFRO,208,894,1,2
2020-08-09,BW,Botswana,AFRO,172,1066,0,2
2020-08-16,BW,Botswana,AFRO,148,1214,1,3
2020-08-23,BW,Botswana,AFRO,94,1308,0,3
2020-08-30,BW,Botswana,AFRO,325,1633,3,6
2020-09-06,BW,Botswana,AFRO,369,2002,2,8
2020-09-13,BW,Botswana,AFRO,461,2463,3,11
2020-09-20,BW,Botswana,AFRO,104,2567,2,13
2020-09-27,BW,Botswana,AFRO,354,2921,0,13
2020-10-04,BW,Botswana,AFRO,251,3172,3,16
2020-10-11,BW,Botswana,AFRO,47,3219,2,18
2020-10-18,BW,Botswana,AFRO,2023,5242,3,21
2020-10-25,BW,Botswana,AFRO,681,5923,4,25
2020-11-01,BW,Botswana,AFRO,719,6642,0,25
2020-11-08,BW,Botswana,AFRO,1193,7835,3,28
2020-11-15,BW,Botswana,AFRO,390,8225,0,28
2020-11-22,BW,Botswana,AFRO,1369,9594,4,32
2020-11-29,BW,Botswana,AFRO,819,10413,1,33
2020-12-06,BW,Botswana,AFRO,1132,11545,3,36
2020-12-13,BW,Botswana,AFRO,956,12501,2,38
2020-12-20,BW,Botswana,AFRO,712,13213,0,38
2020-12-27,BW,Botswana,AFRO,677,13890,1,39
2021-01-03,BW,Botswana,AFRO,1332,15222,5,44
2021-01-10,BW,Botswana,AFRO,829,16051,4,48
2021-01-17,BW,Botswana,AFRO,1899,17950,23,71
2021-01-24,BW,Botswana,AFRO,2046,19996,43,114
2021-01-31,BW,Botswana,AFRO,1627,21623,25,139
2021-02-07,BW,Botswana,AFRO,2198,23821,30,169
2021-02-14,BW,Botswana,AFRO,1381,25202,46,215
2021-02-21,BW,Botswana,AFRO,181,25383,55,270
2021-02-28,BW,Botswana,AFRO,5344,30727,57,327
2021-03-07,BW,Botswana,AFRO,2185,32912,86,413
2021-03-14,BW,Botswana,AFRO,2087,34999,34,447
2021-03-21,BW,Botswana,AFRO,2560,37559,38,485
2021-03-28,BW,Botswana,AFRO,2282,39841,83,568
2021-04-04,BW,Botswana,AFRO,1869,41710,48,616
2021-04-11,BW,Botswana,AFRO,1734,43444,47,663
2021-04-18,BW,Botswana,AFRO,1258,44702,21,684
2021-04-25,BW,Botswana,AFRO,4366,49068,18,702
2021-05-02,BW,Botswana,AFRO,1265,50333,22,724
2021-05-09,BW,Botswana,AFRO,1205,51538,27,751
2021-05-16,BW,Botswana,AFRO,1780,53318,23,774
2021-05-23,BW,Botswana,AFRO,2084,55402,35,809
2021-05-30,BW,Botswana,AFRO,2114,57516,40,849
2021-06-06,BW,Botswana,AFRO,3132,60648,36,885
2021-06-13,BW,Botswana,AFRO,3373,64021,41,926
2021-06-20,BW,Botswana,AFRO,4366,68387,143,1069
2021-06-27,BW,Botswana,AFRO,1684,70071,56,1125
2021-07-04,BW,Botswana,AFRO,3906,73977,63,1188
2021-07-11,BW,Botswana,AFRO,6176,80153,65,1253
2021-07-18,BW,Botswana,AFRO,11749,91902,75,1328
2021-07-25,BW,Botswana,AFRO,10222,102124,157,1485
2021-08-01,BW,Botswana,AFRO,13096,115220,168,1653
2021-08-08,BW,Botswana,AFRO,15551,130771,179,1832
2021-08-15,BW,Botswana,AFRO,11609,142380,211,2043
2021-08-22,BW,Botswana,AFRO,8462,150842,128,2171
2021-08-29,BW,Botswana,AFRO,6085,156927,90,2261
2021-09-05,BW,Botswana,AFRO,5259,162186,48,2309
2021-09-12,BW,Botswana,AFRO,3458,165644,28,2337
2021-09-19,BW,Botswana,AFRO,8144,173788,17,2354
2021-09-26,BW,Botswana,AFRO,4262,178050,13,2367
2021-10-03,BW,Botswana,AFRO,2147,180197,7,2374
2021-10-10,BW,Botswana,AFRO,1054,181251,7,2381
2021-10-17,BW,Botswana,AFRO,2800,184051,8,2389
2021-10-24,BW,Botswana,AFRO,1934,185985,13,2402
2021-10-31,BW,Botswana,AFRO,1296,187281,5,2407
2021-11-07,BW,Botswana,AFRO,6168,193449,2,2409
2021-11-14,BW,Botswana,AFRO,680,194129,7,2416
2021-11-21,BW,Botswana,AFRO,523,194652,0,2416
2021-11-28,BW,Botswana,AFRO,416,195068,2,2418
2021-12-05,BW,Botswana,AFRO,484,195552,2,2420
2021-12-12,BW,Botswana,AFRO,2092,197644,4,2424
2021-12-19,BW,Botswana,AFRO,7057,204701,1,2425
2021-12-26,BW,Botswana,AFRO,7781,212482,14,2439
2022-01-02,BW,Botswana,AFRO,9571,222053,13,2452
2022-01-09,BW,Botswana,AFRO,10379,232432,45,2497
2022-01-16,BW,Botswana,AFRO,7455,239887,37,2534
2022-01-23,BW,Botswana,AFRO,6017,245904,31,2565
2022-01-30,BW,Botswana,AFRO,7132,253036,16,2581
2022-02-06,BW,Botswana,AFRO,4131,257167,12,2593
2022-02-13,BW,Botswana,AFRO,3324,260491,10,2603
2022-02-20,BW,Botswana,AFRO,2161,262652,11,2614
2022-02-27,BW,Botswana,AFRO,41830,304482,51,2665
2022-03-06,BW,Botswana,AFRO,431,304913,10,2675
2022-03-13,BW,Botswana,AFRO,333,305246,4,2679
2022-03-20,BW,Botswana,AFRO,269,305515,5,2684
2022-03-27,BW,Botswana,AFRO,162,305677,2,2686
2022-04-03,BW,Botswana,AFRO,93,305770,1,2687
2022-04-10,BW,Botswana,AFRO,74,305844,0,2687
2022-04-17,BW,Botswana,AFRO,140,305984,1,2688
2022-04-24,BW,Botswana,AFRO,90,306074,1,2689
2022-05-01,BW,Botswana,AFRO,126,306200,1,2690
2022-05-08,BW,Botswana,AFRO,0,306200,0,2690
2022-05-15,BW,Botswana,AFRO,414,306614,2,2692
2022-05-22,BW,Botswana,AFRO,0,306614,0,2692
2022-05-29,BW,Botswana,AFRO,0,306614,0,2692
2022-06-05,BW,Botswana,AFRO,3795,310409,9,2701
2022-06-12,BW,Botswana,AFRO,3084,313493,4,2705
2022-06-19,BW,Botswana,AFRO,6634,320127,33,2738
2022-06-26,BW,Botswana,AFRO,2642,322769,12,2750
2022-07-03,BW,Botswana,AFRO,558,323327,2,2752
2022-07-10,BW,Botswana,AFRO,1514,324841,8,2760
2022-07-17,BW,Botswana,AFRO,0,324841,0,2760
2022-07-24,BW,Botswana,AFRO,629,325470,10,2770
2022-07-31,BW,Botswana,AFRO,254,325724,2,2772
2022-08-07,BW,Botswana,AFRO,100,325824,2,2774
2022-08-14,BW,Botswana,AFRO,26,325850,3,2777
2022-08-21,BW,Botswana,AFRO,14,325864,1,2778
2022-08-28,BW,Botswana,AFRO,47,325911,0,2778
2022-09-04,BW,Botswana,AFRO,354,326265,1,2779
2022-09-11,BW,Botswana,AFRO,21,326286,1,2780
2022-09-18,BW,Botswana,AFRO,17,326303,1,2781
2022-09-25,BW,Botswana,AFRO,21,326324,0,2781
2022-10-02,BW,Botswana,AFRO,8,326332,1,2782
2022-10-09,BW,Botswana,AFRO,17,326349,0,2782
2022-10-16,BW,Botswana,AFRO,4,326353,0,2782
2022-10-23,BW,Botswana,AFRO,0,326353,0,2782
2022-10-30,BW,Botswana,AFRO,0,326353,0,2782
2022-11-06,BW,Botswana,AFRO,0,326353,0,2782
2022-11-13,BW,Botswana,AFRO,126,326479,0,2782
2022-11-20,BW,Botswana,AFRO,133,326612,0,2782
2022-11-27,BW,Botswana,AFRO,155,326767,3,2785
2022-12-04,BW,Botswana,AFRO,292,327059,0,2785
2022-12-11,BW,Botswana,AFRO,412,327471,1,2786
2022-12-18,BW,Botswana,AFRO,349,327820,0,2786
2022-12-25,BW,Botswana,AFRO,211,328031,0,2786
2023-01-01,BW,Botswana,AFRO,218,328249,1,2787
2023-01-08,BW,Botswana,AFRO,300,328549,1,2788
2023-01-15,BW,Botswana,AFRO,349,328898,2,2790
2023-01-22,BW,Botswana,AFRO,316,329214,2,2792
2023-01-29,BW,Botswana,AFRO,240,329454,1,2793
2023-02-05,BW,Botswana,AFRO,141,329595,1,2794
2023-02-12,BW,Botswana,AFRO,80,329675,1,2795
2023-02-19,BW,Botswana,AFRO,52,329727,0,2795
2023-02-26,BW,Botswana,AFRO,31,329758,0,2795
2023-03-05,BW,Botswana,AFRO,11,329769,0,2795
2023-03-12,BW,Botswana,AFRO,16,329785,0,2795
2023-03-19,BW,Botswana,AFRO,27,329812,0,2795
2023-03-26,BW,Botswana,AFRO,18,329830,0,2795
2023-04-02,BW,Botswana,AFRO,7,329837,0,2795
2023-04-09,BW,Botswana,AFRO,4,329841,1,2796
2023-04-16,BW,Botswana,AFRO,6,329847,0,2796
2023-04-23,BW,Botswana,AFRO,5,329852,0,2796
2023-04-30,BW,Botswana,AFRO,4,329856,0,2796
2023-05-07,BW,Botswana,AFRO,6,329862,1,2797
2023-05-14,BW,Botswana,AFRO,0,329862,0,2797
2023-05-21,BW,Botswana,AFRO,43,329905,0,2797
2023-05-28,BW,Botswana,AFRO,36,329941,0,2797
2023-06-04,BW,Botswana,AFRO,21,329962,0,2797
2023-06-11,BW,Botswana,AFRO,23,329985,0,2797
2023-06-18,BW,Botswana,AFRO,31,330016,0,2797
2023-06-25,BW,Botswana,AFRO,61,330077,0,2797
2023-07-02,BW,Botswana,AFRO,36,330113,0,2797
2023-07-09,BW,Botswana,AFRO,35,330148,0,2797
2023-07-16,BW,Botswana,AFRO,7,330155,1,2798
2023-07-23,BW,Botswana,AFRO,21,330176,1,2799
2023-07-30,BW,Botswana,AFRO,22,330198,1,2800
2023-08-06,BW,Botswana,AFRO,17,330215,0,2800
2023-08-13,BW,Botswana,AFRO,15,330230,0,2800
2023-08-20,BW,Botswana,AFRO,10,330240,0,2800
2023-08-27,BW,Botswana,AFRO,11,330251,0,2800
2023-09-03,BW,Botswana,AFRO,5,330256,0,2800
2023-09-10,BW,Botswana,AFRO,0,330256,0,2800
2023-09-17,BW,Botswana,AFRO,16,330272,0,2800
2023-09-24,BW,Botswana,AFRO,3,330275,0,2800
2023-10-01,BW,Botswana,AFRO,9,330284,0,2800
2023-10-08,BW,Botswana,AFRO,16,330300,0,2800
2023-10-15,BW,Botswana,AFRO,21,330321,0,2800
2023-10-22,BW,Botswana,AFRO,24,330345,0,2800
2023-10-29,BW,Botswana,AFRO,10,330355,0,2800
2023-11-05,BW,Botswana,AFRO,14,330369,0,2800
2023-11-12,BW,Botswana,AFRO,19,330388,0,2800
2023-11-19,BW,Botswana,AFRO,9,330397,0,2800
2023-11-26,BW,Botswana,AFRO,7,330404,0,2800
2023-12-03,BW,Botswana,AFRO,5,330409,0,2800
2023-12-10,BW,Botswana,AFRO,4,330413,0,2800
2023-12-17,BW,Botswana,AFRO,4,330417,0,2800
2023-12-24,BW,Botswana,AFRO,0,330417,0,2800
2023-12-31,BW,Botswana,AFRO,0,330417,0,2800
2020-01-05,BR,Brazil,AMRO,0,0,0,0
2020-01-12,BR,Brazil,AMRO,0,0,0,0
2020-01-19,BR,Brazil,AMRO,0,0,0,0
2020-01-26,BR,Brazil,AMRO,0,0,0,0
2020-02-02,BR,Brazil,AMRO,0,0,0,0
2020-02-09,BR,Brazil,AMRO,0,0,0,0
2020-02-16,BR,Brazil,AMRO,0,0,0,0
2020-02-23,BR,Brazil,AMRO,0,0,0,0
2020-03-01,BR,Brazil,AMRO,1,1,0,0
2020-03-08,BR,Brazil,AMRO,12,13,0,0
2020-03-15,BR,Brazil,AMRO,71,84,0,0
2020-03-22,BR,Brazil,AMRO,820,904,11,11
2020-03-29,BR,Brazil,AMRO,2513,3417,81,92
2020-04-05,BR,Brazil,AMRO,5639,9056,267,359
2020-04-12,BR,Brazil,AMRO,10582,19638,697,1056
2020-04-19,BR,Brazil,AMRO,14044,33682,1085,2141
2020-04-26,BR,Brazil,AMRO,19313,52995,1529,3670
2020-05-03,BR,Brazil,AMRO,38594,91589,2659,6329
2020-05-10,BR,Brazil,AMRO,53739,145328,3568,9897
2020-05-17,BR,Brazil,AMRO,72895,218223,4920,14817
2020-05-24,BR,Brazil,AMRO,112667,330890,6231,21048
2020-05-31,BR,Brazil,AMRO,134276,465166,6830,27878
2020-06-07,BR,Brazil,AMRO,180605,645771,7148,35026
2020-06-14,BR,Brazil,AMRO,183039,828810,6802,41828
2020-06-21,BR,Brazil,AMRO,204103,1032913,7126,48954
2020-06-28,BR,Brazil,AMRO,242061,1274974,7007,55961
2020-07-05,BR,Brazil,AMRO,264107,1539081,7213,63174
2020-07-12,BR,Brazil,AMRO,261746,1800827,7224,70398
2020-07-19,BR,Brazil,AMRO,245501,2046328,7453,77851
2020-07-26,BR,Brazil,AMRO,297038,2343366,7387,85238
2020-08-02,BR,Brazil,AMRO,319119,2662485,7237,92475
2020-08-09,BR,Brazil,AMRO,299957,2962442,7097,99572
2020-08-16,BR,Brazil,AMRO,313078,3275520,6951,106523
2020-08-23,BR,Brazil,AMRO,256810,3532330,6835,113358
2020-08-30,BR,Brazil,AMRO,272473,3804803,6146,119504
2020-09-06,BR,Brazil,AMRO,288029,4092832,6017,125521
2020-09-13,BR,Brazil,AMRO,189332,4282164,4875,130396
2020-09-20,BR,Brazil,AMRO,213019,4495183,5397,135793
2020-09-27,BR,Brazil,AMRO,194430,4689613,4744,140537
2020-10-04,BR,Brazil,AMRO,190910,4880523,4851,145388
2020-10-11,BR,Brazil,AMRO,175365,5055888,4251,149639
2020-10-18,BR,Brazil,AMRO,144412,5200300,3575,153214
2020-10-25,BR,Brazil,AMRO,153356,5353656,3257,156471
2020-11-01,BR,Brazil,AMRO,163002,5516658,3006,159477
2020-11-08,BR,Brazil,AMRO,114523,5631181,2538,162015
2020-11-15,BR,Brazil,AMRO,179471,5810652,2722,164737
2020-11-22,BR,Brazil,AMRO,209512,6020164,3876,168613
2020-11-29,BR,Brazil,AMRO,218186,6238350,3361,171974
2020-12-06,BR,Brazil,AMRO,295618,6533968,3990,175964
2020-12-13,BR,Brazil,AMRO,302259,6836227,4473,180437
2020-12-20,BR,Brazil,AMRO,326751,7162978,5213,185650
2020-12-27,BR,Brazil,AMRO,285582,7448560,4838,190488
2021-01-03,BR,Brazil,AMRO,252018,7700578,4923,195411
2021-01-10,BR,Brazil,AMRO,313130,8013708,6049,201460
2021-01-17,BR,Brazil,AMRO,379784,8393492,6786,208246
2021-01-24,BR,Brazil,AMRO,360428,8753920,6997,215243
2021-01-31,BR,Brazil,AMRO,364593,9118513,7423,222666
2021-02-07,BR,Brazil,AMRO,328652,9447165,7368,230034
2021-02-14,BR,Brazil,AMRO,318290,9765455,7455,237489
2021-02-21,BR,Brazil,AMRO,316221,10081676,7276,244765
2021-02-28,BR,Brazil,AMRO,373954,10455630,8070,252835
2021-03-07,BR,Brazil,AMRO,413597,10869227,9935,262770
2021-03-14,BR,Brazil,AMRO,494153,11363380,12335,275105
2021-03-21,BR,Brazil,AMRO,508010,11871390,15209,290314
2021-03-28,BR,Brazil,AMRO,533024,12404414,16798,307112
2021-04-04,BR,Brazil,AMRO,505668,12910082,21094,328206
2021-04-11,BR,Brazil,AMRO,463092,13373174,20512,348718
2021-04-18,BR,Brazil,AMRO,459281,13832455,20031,368749
2021-04-25,BR,Brazil,AMRO,404623,14237078,17667,386416
2021-05-02,BR,Brazil,AMRO,421933,14659011,17365,403781
2021-05-09,BR,Brazil,AMRO,423438,15082449,15333,419114
2021-05-16,BR,Brazil,AMRO,437076,15519525,13514,432628
2021-05-23,BR,Brazil,AMRO,451424,15970949,13681,446309
2021-05-30,BR,Brazil,AMRO,420981,16391930,12736,459045
2021-06-06,BR,Brazil,AMRO,449478,16841408,11797,470842
2021-06-13,BR,Brazil,AMRO,454710,17296118,13393,484235
2021-06-20,BR,Brazil,AMRO,505344,17801462,14264,498499
2021-06-27,BR,Brazil,AMRO,521298,18322760,12643,511142
2021-07-04,BR,Brazil,AMRO,364709,18687469,10810,521952
2021-07-11,BR,Brazil,AMRO,333030,19020499,9736,531688
2021-07-18,BR,Brazil,AMRO,287610,19308109,8710,540398
2021-07-25,BR,Brazil,AMRO,324334,19632443,7942,548340
2021-08-01,BR,Brazil,AMRO,247830,19880273,7120,555460
2021-08-08,BR,Brazil,AMRO,228473,20108746,6302,561762
2021-08-15,BR,Brazil,AMRO,210254,20319000,6100,567862
2021-08-22,BR,Brazil,AMRO,209099,20528099,5649,573511
2021-08-29,BR,Brazil,AMRO,175807,20703906,4815,578326
2021-09-05,BR,Brazil,AMRO,152154,20856060,4344,582670
2021-09-12,BR,Brazil,AMRO,118790,20974850,3176,585846
2021-09-19,BR,Brazil,AMRO,105369,21080219,3727,589573
2021-09-26,BR,Brazil,AMRO,247397,21327616,4090,593663
2021-10-03,BR,Brazil,AMRO,118035,21445651,3562,597225
2021-10-10,BR,Brazil,AMRO,105079,21550730,3200,600425
2021-10-17,BR,Brazil,AMRO,76746,21627476,2244,602669
2021-10-24,BR,Brazil,AMRO,84367,21711843,2470,605139
2021-10-31,BR,Brazil,AMRO,81558,21793401,2323,607462
2021-11-07,BR,Brazil,AMRO,69057,21862458,1598,609060
2021-11-14,BR,Brazil,AMRO,76738,21939196,1431,610491
2021-11-21,BR,Brazil,AMRO,64121,22003317,1879,612370
2021-11-28,BR,Brazil,AMRO,64313,22067630,1587,613957
2021-12-05,BR,Brazil,AMRO,61779,22129409,1443,615400
2021-12-12,BR,Brazil,AMRO,55415,22184824,1291,616691
2021-12-19,BR,Brazil,AMRO,24196,22209020,910,617601
2021-12-26,BR,Brazil,AMRO,21717,22230737,791,618392
2022-01-02,BR,Brazil,AMRO,56784,22287521,664,619056
2022-01-09,BR,Brazil,AMRO,162701,22450222,766,619822
2022-01-16,BR,Brazil,AMRO,476981,22927203,974,620796
2022-01-23,BR,Brazil,AMRO,824579,23751782,1767,622563
2022-01-30,BR,Brazil,AMRO,1283024,25034806,3321,625884
2022-02-06,BR,Brazil,AMRO,1241025,26275831,4610,630494
2022-02-13,BR,Brazil,AMRO,1009678,27285509,6658,637152
2022-02-20,BR,Brazil,AMRO,773353,28058862,5877,643029
2022-02-27,BR,Brazil,AMRO,519785,28578647,4361,647390
2022-03-06,BR,Brazil,AMRO,395152,28973799,3865,651255
2022-03-13,BR,Brazil,AMRO,331315,29305114,3301,654556
2022-03-20,BR,Brazil,AMRO,267998,29573112,2242,656798
2022-03-27,BR,Brazil,AMRO,229145,29802257,1768,658566
2022-04-03,BR,Brazil,AMRO,172908,29975165,1436,660002
2022-04-10,BR,Brazil,AMRO,148798,30123963,1120,661122
2022-04-17,BR,Brazil,AMRO,123339,30247302,785,661907
2022-04-24,BR,Brazil,AMRO,91395,30338697,650,662557
2022-05-01,BR,Brazil,AMRO,94345,30433042,853,663410
2022-05-08,BR,Brazil,AMRO,110866,30543908,681,664091
2022-05-15,BR,Brazil,AMRO,120831,30664739,689,664780
2022-05-22,BR,Brazil,AMRO,97674,30762413,713,665493
2022-05-29,BR,Brazil,AMRO,158732,30921145,826,666319
2022-06-05,BR,Brazil,AMRO,216334,31137479,652,666971
2022-06-12,BR,Brazil,AMRO,279862,31417341,989,667960
2022-06-19,BR,Brazil,AMRO,256034,31673375,956,668916
2022-06-26,BR,Brazil,AMRO,349791,32023166,1313,670229
2022-07-03,BR,Brazil,AMRO,410897,32434063,1471,671700
2022-07-10,BR,Brazil,AMRO,396781,32830844,1639,673339
2022-07-17,BR,Brazil,AMRO,419273,33250117,1751,675090
2022-07-24,BR,Brazil,AMRO,255610,33505727,1396,676486
2022-07-31,BR,Brazil,AMRO,284971,33790698,1827,678313
2022-08-07,BR,Brazil,AMRO,203772,33994470,1445,679758
2022-08-14,BR,Brazil,AMRO,153661,34148131,1495,681253
2022-08-21,BR,Brazil,AMRO,116106,34264237,1105,682358
2022-08-28,BR,Brazil,AMRO,104672,34368909,1039,683397
2022-09-04,BR,Brazil,AMRO,87236,34456145,865,684262
2022-09-11,BR,Brazil,AMRO,60594,34516739,551,684813
2022-09-18,BR,Brazil,AMRO,62346,34579085,487,685300
2022-09-25,BR,Brazil,AMRO,45342,34624427,450,685750
2022-10-02,BR,Brazil,AMRO,48097,34672524,286,686036
2022-10-09,BR,Brazil,AMRO,42613,34715137,767,686803
2022-10-16,BR,Brazil,AMRO,31325,34746462,341,687144
2022-10-23,BR,Brazil,AMRO,34180,34780642,383,687527
2022-10-30,BR,Brazil,AMRO,41585,34822227,553,688080
2022-11-06,BR,Brazil,AMRO,26836,34849063,252,688332
2022-11-13,BR,Brazil,AMRO,59135,34908198,324,688656
2022-11-20,BR,Brazil,AMRO,91297,34999495,251,688907
2022-11-27,BR,Brazil,AMRO,150008,35149503,535,689442
2022-12-04,BR,Brazil,AMRO,188043,35337546,632,690074
2022-12-11,BR,Brazil,AMRO,194170,35531716,603,690677
2022-12-18,BR,Brazil,AMRO,337810,35869526,1133,691810
2022-12-25,BR,Brazil,AMRO,254811,36124337,933,692743
2023-01-01,BR,Brazil,AMRO,206944,36331281,1110,693853
2023-01-08,BR,Brazil,AMRO,145933,36477214,926,694779
2023-01-15,BR,Brazil,AMRO,120721,36597935,457,695236
2023-01-22,BR,Brazil,AMRO,114916,36712851,952,696188
2023-01-29,BR,Brazil,AMRO,78416,36791267,554,696742
2023-02-05,BR,Brazil,AMRO,75391,36866658,603,697345
2023-02-12,BR,Brazil,AMRO,63681,36930339,317,697662
2023-02-19,BR,Brazil,AMRO,57343,36987682,385,698047
2023-02-26,BR,Brazil,AMRO,32849,37020531,881,698928
2023-03-05,BR,Brazil,AMRO,55522,37076053,348,699276
2023-03-12,BR,Brazil,AMRO,9467,37085520,34,699310
2023-03-19,BR,Brazil,AMRO,59994,37145514,324,699634
2023-03-26,BR,Brazil,AMRO,59163,37204677,283,699917
2023-04-02,BR,Brazil,AMRO,53986,37258663,322,700239
2023-04-09,BR,Brazil,AMRO,60591,37319254,317,700556
2023-04-16,BR,Brazil,AMRO,38838,37358092,255,700811
2023-04-23,BR,Brazil,AMRO,49140,37407232,404,701215
2023-04-30,BR,Brazil,AMRO,42186,37449418,279,701494
2023-05-07,BR,Brazil,AMRO,38553,37487971,339,701833
2023-05-14,BR,Brazil,AMRO,23950,37511921,283,702116
2023-05-21,BR,Brazil,AMRO,0,37511921,0,702116
2023-05-28,BR,Brazil,AMRO,603,37512524,0,702116
2023-06-04,BR,Brazil,AMRO,461,37512985,0,702116
2023-06-11,BR,Brazil,AMRO,318,37513303,0,702116
2023-06-18,BR,Brazil,AMRO,346,37513649,0,702116
2023-06-25,BR,Brazil,AMRO,346,37513995,0,702116
2023-07-02,BR,Brazil,AMRO,280,37514275,0,702116
2023-07-09,BR,Brazil,AMRO,262,37514537,0,702116
2023-07-16,BR,Brazil,AMRO,204,37514741,0,702116
2023-07-23,BR,Brazil,AMRO,164,37514905,0,702116
2023-07-30,BR,Brazil,AMRO,161,37515066,0,702116
2023-08-06,BR,Brazil,AMRO,207,37515273,0,702116
2023-08-13,BR,Brazil,AMRO,236,37515509,0,702116
2023-08-20,BR,Brazil,AMRO,384,37515893,0,702116
2023-08-27,BR,Brazil,AMRO,486,37516379,0,702116
2023-09-03,BR,Brazil,AMRO,558,37516937,0,702116
2023-09-10,BR,Brazil,AMRO,646,37517583,0,702116
2023-09-17,BR,Brazil,AMRO,1147,37518730,0,702116
2023-09-24,BR,Brazil,AMRO,1022,37519752,0,702116
2023-10-01,BR,Brazil,AMRO,208,37519960,0,702116
2023-10-08,BR,Brazil,AMRO,0,37519960,0,702116
2023-10-15,BR,Brazil,AMRO,0,37519960,0,702116
2023-10-22,BR,Brazil,AMRO,0,37519960,0,702116
2023-10-29,BR,Brazil,AMRO,0,37519960,0,702116
2023-11-05,BR,Brazil,AMRO,0,37519960,0,702116
2023-11-12,BR,Brazil,AMRO,0,37519960,0,702116
2023-11-19,BR,Brazil,AMRO,0,37519960,0,702116
2023-11-26,BR,Brazil,AMRO,0,37519960,0,702116
2023-12-03,BR,Brazil,AMRO,0,37519960,0,702116
2023-12-10,BR,Brazil,AMRO,0,37519960,0,702116
2023-12-17,BR,Brazil,AMRO,0,37519960,0,702116
2023-12-24,BR,Brazil,AMRO,0,37519960,0,702116
2023-12-31,BR,Brazil,AMRO,0,37519960,0,702116
2020-01-05,VG,British Virgin Islands,AMRO,0,0,0,0
2020-01-12,VG,British Virgin Islands,AMRO,0,0,0,0
2020-01-19,VG,British Virgin Islands,AMRO,0,0,0,0
2020-01-26,VG,British Virgin Islands,AMRO,0,0,0,0
2020-02-02,VG,British Virgin Islands,AMRO,0,0,0,0
2020-02-09,VG,British Virgin Islands,AMRO,0,0,0,0
2020-02-16,VG,British Virgin Islands,AMRO,0,0,0,0
2020-02-23,VG,British Virgin Islands,AMRO,0,0,0,0
2020-03-01,VG,British Virgin Islands,AMRO,0,0,0,0
2020-03-08,VG,British Virgin Islands,AMRO,0,0,0,0
2020-03-15,VG,British Virgin Islands,AMRO,0,0,0,0
2020-03-22,VG,British Virgin Islands,AMRO,0,0,0,0
2020-03-29,VG,British Virgin Islands,AMRO,2,2,0,0
2020-04-05,VG,British Virgin Islands,AMRO,1,3,0,0
2020-04-12,VG,British Virgin Islands,AMRO,0,3,0,0
2020-04-19,VG,British Virgin Islands,AMRO,0,3,0,0
2020-04-26,VG,British Virgin Islands,AMRO,3,6,1,1
2020-05-03,VG,British Virgin Islands,AMRO,0,6,0,1
2020-05-10,VG,British Virgin Islands,AMRO,1,7,0,1
2020-05-17,VG,British Virgin Islands,AMRO,1,8,0,1
2020-05-24,VG,British Virgin Islands,AMRO,0,8,0,1
2020-05-31,VG,British Virgin Islands,AMRO,0,8,0,1
2020-06-07,VG,British Virgin Islands,AMRO,0,8,0,1
2020-06-14,VG,British Virgin Islands,AMRO,0,8,0,1
2020-06-21,VG,British Virgin Islands,AMRO,0,8,0,1
2020-06-28,VG,British Virgin Islands,AMRO,0,8,0,1
2020-07-05,VG,British Virgin Islands,AMRO,0,8,0,1
2020-07-12,VG,British Virgin Islands,AMRO,0,8,0,1
2020-07-19,VG,British Virgin Islands,AMRO,0,8,0,1
2020-07-26,VG,British Virgin Islands,AMRO,0,8,0,1
2020-08-02,VG,British Virgin Islands,AMRO,0,8,0,1
2020-08-09,VG,British Virgin Islands,AMRO,1,9,0,1
2020-08-16,VG,British Virgin Islands,AMRO,0,9,0,1
2020-08-23,VG,British Virgin Islands,AMRO,12,21,0,1
2020-08-30,VG,British Virgin Islands,AMRO,14,35,0,1
2020-09-06,VG,British Virgin Islands,AMRO,28,63,0,1
2020-09-13,VG,British Virgin Islands,AMRO,3,66,0,1
2020-09-20,VG,British Virgin Islands,AMRO,5,71,0,1
2020-09-27,VG,British Virgin Islands,AMRO,0,71,0,1
2020-10-04,VG,British Virgin Islands,AMRO,0,71,0,1
2020-10-11,VG,British Virgin Islands,AMRO,0,71,0,1
2020-10-18,VG,British Virgin Islands,AMRO,1,72,0,1
2020-10-25,VG,British Virgin Islands,AMRO,0,72,0,1
2020-11-01,VG,British Virgin Islands,AMRO,0,72,0,1
2020-11-08,VG,British Virgin Islands,AMRO,0,72,0,1
2020-11-15,VG,British Virgin Islands,AMRO,0,72,0,1
2020-11-22,VG,British Virgin Islands,AMRO,0,72,0,1
2020-11-29,VG,British Virgin Islands,AMRO,0,72,0,1
2020-12-06,VG,British Virgin Islands,AMRO,1,73,0,1
2020-12-13,VG,British Virgin Islands,AMRO,3,76,0,1
2020-12-20,VG,British Virgin Islands,AMRO,10,86,0,1
2020-12-27,VG,British Virgin Islands,AMRO,7,93,0,1
2021-01-03,VG,British Virgin Islands,AMRO,0,93,0,1
2021-01-10,VG,British Virgin Islands,AMRO,21,114,0,1
2021-01-17,VG,British Virgin Islands,AMRO,7,121,0,1
2021-01-24,VG,British Virgin Islands,AMRO,16,137,0,1
2021-01-31,VG,British Virgin Islands,AMRO,4,141,0,1
2021-02-07,VG,British Virgin Islands,AMRO,0,141,0,1
2021-02-14,VG,British Virgin Islands,AMRO,10,151,0,1
2021-02-21,VG,British Virgin Islands,AMRO,2,153,0,1
2021-02-28,VG,British Virgin Islands,AMRO,0,153,0,1
2021-03-07,VG,British Virgin Islands,AMRO,1,154,0,1
2021-03-14,VG,British Virgin Islands,AMRO,0,154,0,1
2021-03-21,VG,British Virgin Islands,AMRO,0,154,0,1
2021-03-28,VG,British Virgin Islands,AMRO,0,154,0,1
2021-04-04,VG,British Virgin Islands,AMRO,0,154,0,1
2021-04-11,VG,British Virgin Islands,AMRO,24,178,0,1
2021-04-18,VG,British Virgin Islands,AMRO,9,187,0,1
2021-04-25,VG,British Virgin Islands,AMRO,7,194,0,1
2021-05-02,VG,British Virgin Islands,AMRO,0,194,0,1
2021-05-09,VG,British Virgin Islands,AMRO,25,219,0,1
2021-05-16,VG,British Virgin Islands,AMRO,29,248,0,1
2021-05-23,VG,British Virgin Islands,AMRO,0,248,0,1
2021-05-30,VG,British Virgin Islands,AMRO,41,289,0,1
2021-06-06,VG,British Virgin Islands,AMRO,0,289,0,1
2021-06-13,VG,British Virgin Islands,AMRO,6,295,0,1
2021-06-20,VG,British Virgin Islands,AMRO,0,295,0,1
2021-06-27,VG,British Virgin Islands,AMRO,3,298,0,1
2021-07-04,VG,British Virgin Islands,AMRO,158,456,0,1
2021-07-11,VG,British Virgin Islands,AMRO,691,1147,2,3
2021-07-18,VG,British Virgin Islands,AMRO,877,2024,9,12
2021-07-25,VG,British Virgin Islands,AMRO,365,2389,13,25
2021-08-01,VG,British Virgin Islands,AMRO,111,2500,6,31
2021-08-08,VG,British Virgin Islands,AMRO,32,2532,6,37
2021-08-15,VG,British Virgin Islands,AMRO,20,2552,0,37
2021-08-22,VG,British Virgin Islands,AMRO,16,2568,0,37
2021-08-29,VG,British Virgin Islands,AMRO,0,2568,0,37
2021-09-05,VG,British Virgin Islands,AMRO,72,2640,0,37
2021-09-12,VG,British Virgin Islands,AMRO,2,2642,0,37
2021-09-19,VG,British Virgin Islands,AMRO,0,2642,0,37
2021-09-26,VG,British Virgin Islands,AMRO,34,2676,0,37
2021-10-03,VG,British Virgin Islands,AMRO,42,2718,0,37
2021-10-10,VG,British Virgin Islands,AMRO,7,2725,0,37
2021-10-17,VG,British Virgin Islands,AMRO,0,2725,0,37
2021-10-24,VG,British Virgin Islands,AMRO,0,2725,0,37
2021-10-31,VG,British Virgin Islands,AMRO,0,2725,0,37
2021-11-07,VG,British Virgin Islands,AMRO,0,2725,0,37
2021-11-14,VG,British Virgin Islands,AMRO,20,2745,1,38
2021-11-21,VG,British Virgin Islands,AMRO,20,2765,0,38
2021-11-28,VG,British Virgin Islands,AMRO,8,2773,0,38
2021-12-05,VG,British Virgin Islands,AMRO,43,2816,0,38
2021-12-12,VG,British Virgin Islands,AMRO,26,2842,1,39
2021-12-19,VG,British Virgin Islands,AMRO,44,2886,0,39
2021-12-26,VG,British Virgin Islands,AMRO,185,3071,0,39
2022-01-02,VG,British Virgin Islands,AMRO,421,3492,0,39
2022-01-09,VG,British Virgin Islands,AMRO,715,4207,1,40
2022-01-16,VG,British Virgin Islands,AMRO,1048,5255,2,42
2022-01-23,VG,British Virgin Islands,AMRO,394,5649,5,47
2022-01-30,VG,British Virgin Islands,AMRO,226,5875,2,49
2022-02-06,VG,British Virgin Islands,AMRO,53,5928,2,51
2022-02-13,VG,British Virgin Islands,AMRO,69,5997,10,61
2022-02-20,VG,British Virgin Islands,AMRO,53,6050,1,62
2022-02-27,VG,British Virgin Islands,AMRO,35,6085,0,62
2022-03-06,VG,British Virgin Islands,AMRO,6,6091,0,62
2022-03-13,VG,British Virgin Islands,AMRO,0,6091,0,62
2022-03-20,VG,British Virgin Islands,AMRO,13,6104,0,62
2022-03-27,VG,British Virgin Islands,AMRO,0,6104,0,62
2022-04-03,VG,British Virgin Islands,AMRO,37,6141,0,62
2022-04-10,VG,British Virgin Islands,AMRO,21,6162,0,62
2022-04-17,VG,British Virgin Islands,AMRO,0,6162,0,62
2022-04-24,VG,British Virgin Islands,AMRO,134,6296,0,62
2022-05-01,VG,British Virgin Islands,AMRO,59,6355,0,62
2022-05-08,VG,British Virgin Islands,AMRO,0,6355,0,62
2022-05-15,VG,British Virgin Islands,AMRO,218,6573,0,62
2022-05-22,VG,British Virgin Islands,AMRO,117,6690,0,62
2022-05-29,VG,British Virgin Islands,AMRO,0,6690,0,62
2022-06-05,VG,British Virgin Islands,AMRO,75,6765,0,62
2022-06-12,VG,British Virgin Islands,AMRO,137,6902,1,63
2022-06-19,VG,British Virgin Islands,AMRO,0,6902,0,63
2022-06-26,VG,British Virgin Islands,AMRO,39,6941,0,63
2022-07-03,VG,British Virgin Islands,AMRO,0,6941,0,63
2022-07-10,VG,British Virgin Islands,AMRO,0,6941,0,63
2022-07-17,VG,British Virgin Islands,AMRO,190,7131,0,63
2022-07-24,VG,British Virgin Islands,AMRO,0,7131,0,63
2022-07-31,VG,British Virgin Islands,AMRO,0,7131,0,63
2022-08-07,VG,British Virgin Islands,AMRO,0,7131,0,63
2022-08-14,VG,British Virgin Islands,AMRO,0,7131,0,63
2022-08-21,VG,British Virgin Islands,AMRO,0,7131,0,63
2022-08-28,VG,British Virgin Islands,AMRO,0,7131,0,63
2022-09-04,VG,British Virgin Islands,AMRO,160,7291,1,64
2022-09-11,VG,British Virgin Islands,AMRO,14,7305,0,64
2022-09-18,VG,British Virgin Islands,AMRO,0,7305,0,64
2022-09-25,VG,British Virgin Islands,AMRO,0,7305,0,64
2022-10-02,VG,British Virgin Islands,AMRO,0,7305,0,64
2022-10-09,VG,British Virgin Islands,AMRO,0,7305,0,64
2022-10-16,VG,British Virgin Islands,AMRO,0,7305,0,64
2022-10-23,VG,British Virgin Islands,AMRO,0,7305,0,64
2022-10-30,VG,British Virgin Islands,AMRO,0,7305,0,64
2022-11-06,VG,British Virgin Islands,AMRO,0,7305,0,64
2022-11-13,VG,British Virgin Islands,AMRO,0,7305,0,64
2022-11-20,VG,British Virgin Islands,AMRO,0,7305,0,64
2022-11-27,VG,British Virgin Islands,AMRO,0,7305,0,64
2022-12-04,VG,British Virgin Islands,AMRO,0,7305,0,64
2022-12-11,VG,British Virgin Islands,AMRO,0,7305,0,64
2022-12-18,VG,British Virgin Islands,AMRO,0,7305,0,64
2022-12-25,VG,British Virgin Islands,AMRO,0,7305,0,64
2023-01-01,VG,British Virgin Islands,AMRO,0,7305,0,64
2023-01-08,VG,British Virgin Islands,AMRO,0,7305,0,64
2023-01-15,VG,British Virgin Islands,AMRO,0,7305,0,64
2023-01-22,VG,British Virgin Islands,AMRO,0,7305,0,64
2023-01-29,VG,British Virgin Islands,AMRO,0,7305,0,64
2023-02-05,VG,British Virgin Islands,AMRO,0,7305,0,64
2023-02-12,VG,British Virgin Islands,AMRO,0,7305,0,64
2023-02-19,VG,British Virgin Islands,AMRO,0,7305,0,64
2023-02-26,VG,British Virgin Islands,AMRO,0,7305,0,64
2023-03-05,VG,British Virgin Islands,AMRO,0,7305,0,64
2023-03-12,VG,British Virgin Islands,AMRO,0,7305,0,64
2023-03-19,VG,British Virgin Islands,AMRO,0,7305,0,64
2023-03-26,VG,British Virgin Islands,AMRO,0,7305,0,64
2023-04-02,VG,British Virgin Islands,AMRO,0,7305,0,64
2023-04-09,VG,British Virgin Islands,AMRO,0,7305,0,64
2023-04-16,VG,British Virgin Islands,AMRO,0,7305,0,64
2023-04-23,VG,British Virgin Islands,AMRO,0,7305,0,64
2023-04-30,VG,British Virgin Islands,AMRO,0,7305,0,64
2023-05-07,VG,British Virgin Islands,AMRO,0,7305,0,64
2023-05-14,VG,British Virgin Islands,AMRO,0,7305,0,64
2023-05-21,VG,British Virgin Islands,AMRO,1,7306,0,64
2023-05-28,VG,British Virgin Islands,AMRO,0,7306,0,64
2023-06-04,VG,British Virgin Islands,AMRO,0,7306,0,64
2023-06-11,VG,British Virgin Islands,AMRO,13,7319,0,64
2023-06-18,VG,British Virgin Islands,AMRO,4,7323,0,64
2023-06-25,VG,British Virgin Islands,AMRO,7,7330,0,64
2023-07-02,VG,British Virgin Islands,AMRO,2,7332,0,64
2023-07-09,VG,British Virgin Islands,AMRO,0,7332,0,64
2023-07-16,VG,British Virgin Islands,AMRO,8,7340,0,64
2023-07-23,VG,British Virgin Islands,AMRO,5,7345,0,64
2023-07-30,VG,British Virgin Islands,AMRO,2,7347,0,64
2023-08-06,VG,British Virgin Islands,AMRO,3,7350,0,64
2023-08-13,VG,British Virgin Islands,AMRO,0,7350,0,64
2023-08-20,VG,British Virgin Islands,AMRO,12,7362,0,64
2023-08-27,VG,British Virgin Islands,AMRO,1,7363,0,64
2023-09-03,VG,British Virgin Islands,AMRO,9,7372,0,64
2023-09-10,VG,British Virgin Islands,AMRO,1,7373,0,64
2023-09-17,VG,British Virgin Islands,AMRO,8,7381,0,64
2023-09-24,VG,British Virgin Islands,AMRO,6,7387,0,64
2023-10-01,VG,British Virgin Islands,AMRO,3,7390,0,64
2023-10-08,VG,British Virgin Islands,AMRO,1,7391,0,64
2023-10-15,VG,British Virgin Islands,AMRO,1,7392,0,64
2023-10-22,VG,British Virgin Islands,AMRO,0,7392,0,64
2023-10-29,VG,British Virgin Islands,AMRO,0,7392,0,64
2023-11-05,VG,British Virgin Islands,AMRO,0,7392,0,64
2023-11-12,VG,British Virgin Islands,AMRO,0,7392,0,64
2023-11-19,VG,British Virgin Islands,AMRO,0,7392,0,64
2023-11-26,VG,British Virgin Islands,AMRO,0,7392,0,64
2023-12-03,VG,British Virgin Islands,AMRO,0,7392,0,64
2023-12-10,VG,British Virgin Islands,AMRO,0,7392,0,64
2023-12-17,VG,British Virgin Islands,AMRO,0,7392,0,64
2023-12-24,VG,British Virgin Islands,AMRO,0,7392,0,64
2023-12-31,VG,British Virgin Islands,AMRO,0,7392,0,64
2020-01-05,BN,Brunei Darussalam,WPRO,0,0,0,0
2020-01-12,BN,Brunei Darussalam,WPRO,0,0,0,0
2020-01-19,BN,Brunei Darussalam,WPRO,0,0,0,0
2020-01-26,BN,Brunei Darussalam,WPRO,0,0,0,0
2020-02-02,BN,Brunei Darussalam,WPRO,0,0,0,0
2020-02-09,BN,Brunei Darussalam,WPRO,0,0,0,0
2020-02-16,BN,Brunei Darussalam,WPRO,0,0,0,0
2020-02-23,BN,Brunei Darussalam,WPRO,0,0,0,0
2020-03-01,BN,Brunei Darussalam,WPRO,0,0,0,0
2020-03-08,BN,Brunei Darussalam,WPRO,0,0,0,0
2020-03-15,BN,Brunei Darussalam,WPRO,40,40,0,0
2020-03-22,BN,Brunei Darussalam,WPRO,43,83,0,0
2020-03-29,BN,Brunei Darussalam,WPRO,37,120,1,1
2020-04-05,BN,Brunei Darussalam,WPRO,15,135,0,1
2020-04-12,BN,Brunei Darussalam,WPRO,1,136,0,1
2020-04-19,BN,Brunei Darussalam,WPRO,1,137,0,1
2020-04-26,BN,Brunei Darussalam,WPRO,1,138,0,1
2020-05-03,BN,Brunei Darussalam,WPRO,0,138,0,1
2020-05-10,BN,Brunei Darussalam,WPRO,3,141,0,1
2020-05-17,BN,Brunei Darussalam,WPRO,0,141,0,1
2020-05-24,BN,Brunei Darussalam,WPRO,0,141,0,1
2020-05-31,BN,Brunei Darussalam,WPRO,0,141,1,2
2020-06-07,BN,Brunei Darussalam,WPRO,0,141,0,2
2020-06-14,BN,Brunei Darussalam,WPRO,0,141,0,2
2020-06-21,BN,Brunei Darussalam,WPRO,0,141,1,3
2020-06-28,BN,Brunei Darussalam,WPRO,0,141,0,3
2020-07-05,BN,Brunei Darussalam,WPRO,0,141,0,3
2020-07-12,BN,Brunei Darussalam,WPRO,0,141,0,3
2020-07-19,BN,Brunei Darussalam,WPRO,0,141,0,3
2020-07-26,BN,Brunei Darussalam,WPRO,0,141,0,3
2020-08-02,BN,Brunei Darussalam,WPRO,0,141,0,3
2020-08-09,BN,Brunei Darussalam,WPRO,1,142,0,3
2020-08-16,BN,Brunei Darussalam,WPRO,0,142,0,3
2020-08-23,BN,Brunei Darussalam,WPRO,1,143,0,3
2020-08-30,BN,Brunei Darussalam,WPRO,1,144,0,3
2020-09-06,BN,Brunei Darussalam,WPRO,1,145,0,3
2020-09-13,BN,Brunei Darussalam,WPRO,0,145,0,3
2020-09-20,BN,Brunei Darussalam,WPRO,0,145,0,3
2020-09-27,BN,Brunei Darussalam,WPRO,1,146,0,3
2020-10-04,BN,Brunei Darussalam,WPRO,0,146,0,3
2020-10-11,BN,Brunei Darussalam,WPRO,0,146,0,3
2020-10-18,BN,Brunei Darussalam,WPRO,1,147,0,3
2020-10-25,BN,Brunei Darussalam,WPRO,1,148,0,3
2020-11-01,BN,Brunei Darussalam,WPRO,0,148,0,3
2020-11-08,BN,Brunei Darussalam,WPRO,0,148,0,3
2020-11-15,BN,Brunei Darussalam,WPRO,0,148,0,3
2020-11-22,BN,Brunei Darussalam,WPRO,0,148,0,3
2020-11-29,BN,Brunei Darussalam,WPRO,2,150,0,3
2020-12-06,BN,Brunei Darussalam,WPRO,1,151,0,3
2020-12-13,BN,Brunei Darussalam,WPRO,1,152,0,3
2020-12-20,BN,Brunei Darussalam,WPRO,0,152,0,3
2020-12-27,BN,Brunei Darussalam,WPRO,0,152,0,3
2021-01-03,BN,Brunei Darussalam,WPRO,20,172,0,3
2021-01-10,BN,Brunei Darussalam,WPRO,1,173,0,3
2021-01-17,BN,Brunei Darussalam,WPRO,1,174,0,3
2021-01-24,BN,Brunei Darussalam,WPRO,1,175,0,3
2021-01-31,BN,Brunei Darussalam,WPRO,5,180,0,3
2021-02-07,BN,Brunei Darussalam,WPRO,1,181,0,3
2021-02-14,BN,Brunei Darussalam,WPRO,3,184,0,3
2021-02-21,BN,Brunei Darussalam,WPRO,1,185,0,3
2021-02-28,BN,Brunei Darussalam,WPRO,1,186,0,3
2021-03-07,BN,Brunei Darussalam,WPRO,4,190,0,3
2021-03-14,BN,Brunei Darussalam,WPRO,9,199,0,3
2021-03-21,BN,Brunei Darussalam,WPRO,7,206,0,3
2021-03-28,BN,Brunei Darussalam,WPRO,1,207,0,3
2021-04-04,BN,Brunei Darussalam,WPRO,7,214,0,3
2021-04-11,BN,Brunei Darussalam,WPRO,5,219,0,3
2021-04-18,BN,Brunei Darussalam,WPRO,2,221,0,3
2021-04-25,BN,Brunei Darussalam,WPRO,2,223,0,3
2021-05-02,BN,Brunei Darussalam,WPRO,4,227,0,3
2021-05-09,BN,Brunei Darussalam,WPRO,3,230,0,3
2021-05-16,BN,Brunei Darussalam,WPRO,2,232,0,3
2021-05-23,BN,Brunei Darussalam,WPRO,4,236,0,3
2021-05-30,BN,Brunei Darussalam,WPRO,6,242,0,3
2021-06-06,BN,Brunei Darussalam,WPRO,2,244,0,3
2021-06-13,BN,Brunei Darussalam,WPRO,6,250,0,3
2021-06-20,BN,Brunei Darussalam,WPRO,5,255,0,3
2021-06-27,BN,Brunei Darussalam,WPRO,4,259,0,3
2021-07-04,BN,Brunei Darussalam,WPRO,3,262,0,3
2021-07-11,BN,Brunei Darussalam,WPRO,13,275,0,3
2021-07-18,BN,Brunei Darussalam,WPRO,16,291,0,3
2021-07-25,BN,Brunei Darussalam,WPRO,30,321,0,3
2021-08-01,BN,Brunei Darussalam,WPRO,17,338,0,3
2021-08-08,BN,Brunei Darussalam,WPRO,26,364,0,3
2021-08-15,BN,Brunei Darussalam,WPRO,359,723,1,4
2021-08-22,BN,Brunei Darussalam,WPRO,1046,1769,7,11
2021-08-29,BN,Brunei Darussalam,WPRO,796,2565,5,16
2021-09-05,BN,Brunei Darussalam,WPRO,764,3329,4,20
2021-09-12,BN,Brunei Darussalam,WPRO,834,4163,5,25
2021-09-19,BN,Brunei Darussalam,WPRO,884,5047,7,32
2021-09-26,BN,Brunei Darussalam,WPRO,1493,6540,6,38
2021-10-03,BN,Brunei Darussalam,WPRO,1176,7716,6,44
2021-10-10,BN,Brunei Darussalam,WPRO,1264,8980,5,49
2021-10-17,BN,Brunei Darussalam,WPRO,1880,10860,7,56
2021-10-24,BN,Brunei Darussalam,WPRO,1253,12113,1,57
2021-10-31,BN,Brunei Darussalam,WPRO,1017,13130,1,58
2021-11-07,BN,Brunei Darussalam,WPRO,652,13782,3,61
2021-11-14,BN,Brunei Darussalam,WPRO,433,14215,0,61
2021-11-21,BN,Brunei Darussalam,WPRO,376,14591,0,61
2021-11-28,BN,Brunei Darussalam,WPRO,445,15036,0,61
2021-12-05,BN,Brunei Darussalam,WPRO,150,15186,0,61
2021-12-12,BN,Brunei Darussalam,WPRO,162,15348,0,61
2021-12-19,BN,Brunei Darussalam,WPRO,54,15402,0,61
2021-12-26,BN,Brunei Darussalam,WPRO,45,15447,0,61
2022-01-02,BN,Brunei Darussalam,WPRO,52,15499,1,62
2022-01-09,BN,Brunei Darussalam,WPRO,135,15634,0,62
2022-01-16,BN,Brunei Darussalam,WPRO,247,15881,0,62
2022-01-23,BN,Brunei Darussalam,WPRO,251,16132,0,62
2022-01-30,BN,Brunei Darussalam,WPRO,281,16413,0,62
2022-02-06,BN,Brunei Darussalam,WPRO,1371,17784,0,62
2022-02-13,BN,Brunei Darussalam,WPRO,4731,22515,2,64
2022-02-20,BN,Brunei Darussalam,WPRO,12464,34979,3,67
2022-02-27,BN,Brunei Darussalam,WPRO,24468,59447,6,73
2022-03-06,BN,Brunei Darussalam,WPRO,29402,88849,11,84
2022-03-13,BN,Brunei Darussalam,WPRO,23244,112093,8,92
2022-03-20,BN,Brunei Darussalam,WPRO,12623,124716,2,94
2022-03-27,BN,Brunei Darussalam,WPRO,6687,131403,6,100
2022-04-03,BN,Brunei Darussalam,WPRO,4571,135974,0,100
2022-04-10,BN,Brunei Darussalam,WPRO,2556,138530,1,101
2022-04-17,BN,Brunei Darussalam,WPRO,1493,140023,0,101
2022-04-24,BN,Brunei Darussalam,WPRO,1096,141119,0,101
2022-05-01,BN,Brunei Darussalam,WPRO,792,141911,0,101
2022-05-08,BN,Brunei Darussalam,WPRO,947,142858,0,101
2022-05-15,BN,Brunei Darussalam,WPRO,1801,144659,0,101
2022-05-22,BN,Brunei Darussalam,WPRO,1827,146486,0,101
2022-05-29,BN,Brunei Darussalam,WPRO,1603,148089,0,101
2022-06-05,BN,Brunei Darussalam,WPRO,2313,150402,0,101
2022-06-12,BN,Brunei Darussalam,WPRO,2691,153093,0,101
2022-06-19,BN,Brunei Darussalam,WPRO,3930,157023,0,101
2022-06-26,BN,Brunei Darussalam,WPRO,0,157023,1,102
2022-07-03,BN,Brunei Darussalam,WPRO,6504,163527,5,107
2022-07-10,BN,Brunei Darussalam,WPRO,9610,173137,10,117
2022-07-17,BN,Brunei Darussalam,WPRO,11858,184995,4,121
2022-07-24,BN,Brunei Darussalam,WPRO,12420,197415,1,122
2022-07-31,BN,Brunei Darussalam,WPRO,8745,206160,0,122
2022-08-07,BN,Brunei Darussalam,WPRO,9123,215283,6,128
2022-08-14,BN,Brunei Darussalam,WPRO,2976,218259,0,128
2022-08-21,BN,Brunei Darussalam,WPRO,1986,220245,0,128
2022-08-28,BN,Brunei Darussalam,WPRO,1454,221699,1,129
2022-09-04,BN,Brunei Darussalam,WPRO,1360,223059,1,130
2022-09-11,BN,Brunei Darussalam,WPRO,1551,224610,1,131
2022-09-18,BN,Brunei Darussalam,WPRO,1627,226237,0,131
2022-09-25,BN,Brunei Darussalam,WPRO,1519,227756,0,131
2022-10-02,BN,Brunei Darussalam,WPRO,1909,229665,2,133
2022-10-09,BN,Brunei Darussalam,WPRO,2168,231833,1,134
2022-10-16,BN,Brunei Darussalam,WPRO,2749,234582,1,135
2022-10-23,BN,Brunei Darussalam,WPRO,3074,237656,1,136
2022-10-30,BN,Brunei Darussalam,WPRO,3388,241044,0,136
2022-11-06,BN,Brunei Darussalam,WPRO,3555,244599,1,137
2022-11-13,BN,Brunei Darussalam,WPRO,4262,248861,0,137
2022-11-20,BN,Brunei Darussalam,WPRO,4545,253406,6,143
2022-11-27,BN,Brunei Darussalam,WPRO,4515,257921,1,144
2022-12-04,BN,Brunei Darussalam,WPRO,3519,261440,1,145
2022-12-11,BN,Brunei Darussalam,WPRO,3050,264490,1,146
2022-12-18,BN,Brunei Darussalam,WPRO,2329,266819,1,147
2022-12-25,BN,Brunei Darussalam,WPRO,1796,268615,1,148
2023-01-01,BN,Brunei Darussalam,WPRO,1584,270199,0,148
2023-01-08,BN,Brunei Darussalam,WPRO,2447,272646,0,148
2023-01-15,BN,Brunei Darussalam,WPRO,0,272646,0,148
2023-01-22,BN,Brunei Darussalam,WPRO,1571,274217,0,148
2023-01-29,BN,Brunei Darussalam,WPRO,1003,275220,0,148
2023-02-05,BN,Brunei Darussalam,WPRO,847,276067,0,148
2023-02-12,BN,Brunei Darussalam,WPRO,758,276825,1,149
2023-02-19,BN,Brunei Darussalam,WPRO,616,277441,1,150
2023-02-26,BN,Brunei Darussalam,WPRO,551,277992,0,150
2023-03-05,BN,Brunei Darussalam,WPRO,706,278698,0,150
2023-03-12,BN,Brunei Darussalam,WPRO,963,279661,0,150
2023-03-19,BN,Brunei Darussalam,WPRO,1129,280790,1,151
2023-03-26,BN,Brunei Darussalam,WPRO,1166,281956,2,153
2023-04-02,BN,Brunei Darussalam,WPRO,1389,283345,0,153
2023-04-09,BN,Brunei Darussalam,WPRO,1287,284632,0,153
2023-04-16,BN,Brunei Darussalam,WPRO,1108,285740,2,155
2023-04-23,BN,Brunei Darussalam,WPRO,1070,286810,0,155
2023-04-30,BN,Brunei Darussalam,WPRO,1241,288051,2,157
2023-05-07,BN,Brunei Darussalam,WPRO,4593,292644,3,160
2023-05-14,BN,Brunei Darussalam,WPRO,6861,299505,0,160
2023-05-21,BN,Brunei Darussalam,WPRO,4214,303719,1,161
2023-05-28,BN,Brunei Darussalam,WPRO,2614,306333,0,161
2023-06-04,BN,Brunei Darussalam,WPRO,1353,307686,0,161
2023-06-11,BN,Brunei Darussalam,WPRO,1091,308777,0,161
2023-06-18,BN,Brunei Darussalam,WPRO,338,309115,0,161
2023-06-25,BN,Brunei Darussalam,WPRO,275,309390,0,161
2023-07-02,BN,Brunei Darussalam,WPRO,171,309561,1,162
2023-07-09,BN,Brunei Darussalam,WPRO,252,309813,0,162
2023-07-16,BN,Brunei Darussalam,WPRO,117,309930,0,162
2023-07-23,BN,Brunei Darussalam,WPRO,89,310019,1,163
2023-07-30,BN,Brunei Darussalam,WPRO,87,310106,0,163
2023-08-06,BN,Brunei Darussalam,WPRO,119,310225,0,163
2023-08-13,BN,Brunei Darussalam,WPRO,154,310379,0,163
2023-08-20,BN,Brunei Darussalam,WPRO,0,310379,0,163
2023-08-27,BN,Brunei Darussalam,WPRO,173,310552,0,163
2023-09-03,BN,Brunei Darussalam,WPRO,78,310630,0,163
2023-09-10,BN,Brunei Darussalam,WPRO,146,310776,0,163
2023-09-17,BN,Brunei Darussalam,WPRO,244,311020,0,163
2023-09-24,BN,Brunei Darussalam,WPRO,216,311236,0,163
2023-10-01,BN,Brunei Darussalam,WPRO,213,311449,0,163
2023-10-08,BN,Brunei Darussalam,WPRO,165,311614,0,163
2023-10-15,BN,Brunei Darussalam,WPRO,291,311905,0,163
2023-10-22,BN,Brunei Darussalam,WPRO,289,312194,0,163
2023-10-29,BN,Brunei Darussalam,WPRO,330,312524,0,163
2023-11-05,BN,Brunei Darussalam,WPRO,368,312892,0,163
2023-11-12,BN,Brunei Darussalam,WPRO,488,313380,0,163
2023-11-19,BN,Brunei Darussalam,WPRO,539,313919,0,163
2023-11-26,BN,Brunei Darussalam,WPRO,691,314610,0,163
2023-12-03,BN,Brunei Darussalam,WPRO,1123,315733,1,164
2023-12-10,BN,Brunei Darussalam,WPRO,1854,317587,2,166
2023-12-17,BN,Brunei Darussalam,WPRO,3648,321235,2,168
2023-12-24,BN,Brunei Darussalam,WPRO,5040,326275,2,170
2023-12-31,BN,Brunei Darussalam,WPRO,4501,330776,1,171
2020-01-05,BG,Bulgaria,EURO,0,0,0,0
2020-01-12,BG,Bulgaria,EURO,0,0,0,0
2020-01-19,BG,Bulgaria,EURO,0,0,0,0
2020-01-26,BG,Bulgaria,EURO,0,0,0,0
2020-02-02,BG,Bulgaria,EURO,0,0,0,0
2020-02-09,BG,Bulgaria,EURO,0,0,0,0
2020-02-16,BG,Bulgaria,EURO,0,0,0,0
2020-02-23,BG,Bulgaria,EURO,0,0,0,0
2020-03-01,BG,Bulgaria,EURO,0,0,0,0
2020-03-08,BG,Bulgaria,EURO,4,4,0,0
2020-03-15,BG,Bulgaria,EURO,47,51,2,2
2020-03-22,BG,Bulgaria,EURO,134,185,1,3
2020-03-29,BG,Bulgaria,EURO,161,346,5,8
2020-04-05,BG,Bulgaria,EURO,185,531,12,20
2020-04-12,BG,Bulgaria,EURO,144,675,9,29
2020-04-19,BG,Bulgaria,EURO,219,894,13,42
2020-04-26,BG,Bulgaria,EURO,406,1300,14,56
2020-05-03,BG,Bulgaria,EURO,318,1618,17,73
2020-05-10,BG,Bulgaria,EURO,347,1965,18,91
2020-05-17,BG,Bulgaria,EURO,246,2211,17,108
2020-05-24,BG,Bulgaria,EURO,216,2427,22,130
2020-05-31,BG,Bulgaria,EURO,86,2513,10,140
2020-06-07,BG,Bulgaria,EURO,198,2711,20,160
2020-06-14,BG,Bulgaria,EURO,555,3266,12,172
2020-06-21,BG,Bulgaria,EURO,606,3872,27,199
2020-06-28,BG,Bulgaria,EURO,753,4625,17,216
2020-07-05,BG,Bulgaria,EURO,1052,5677,25,241
2020-07-12,BG,Bulgaria,EURO,1498,7175,26,267
2020-07-19,BG,Bulgaria,EURO,1463,8638,32,299
2020-07-26,BG,Bulgaria,EURO,1674,10312,39,338
2020-08-02,BG,Bulgaria,EURO,1524,11836,47,385
2020-08-09,BG,Bulgaria,EURO,1507,13343,60,445
2020-08-16,BG,Bulgaria,EURO,990,14333,50,495
2020-08-23,BG,Bulgaria,EURO,894,15227,50,545
2020-08-30,BG,Bulgaria,EURO,937,16164,60,605
2020-09-06,BG,Bulgaria,EURO,886,17050,66,671
2020-09-13,BG,Bulgaria,EURO,841,17891,46,717
2020-09-20,BG,Bulgaria,EURO,928,18819,38,755
2020-09-27,BG,Bulgaria,EURO,1178,19997,34,789
2020-10-04,BG,Bulgaria,EURO,1521,21518,52,841
2020-10-11,BG,Bulgaria,EURO,2801,24319,50,891
2020-10-18,BG,Bulgaria,EURO,4789,29108,77,968
2020-10-25,BG,Bulgaria,EURO,8454,37562,116,1084
2020-11-01,BG,Bulgaria,EURO,15282,52844,195,1279
2020-11-08,BG,Bulgaria,EURO,21641,74485,353,1632
2020-11-15,BG,Bulgaria,EURO,22950,97435,459,2091
2020-11-22,BG,Bulgaria,EURO,23262,120697,729,2820
2020-11-29,BG,Bulgaria,EURO,21050,141747,929,3749
2020-12-06,BG,Bulgaria,EURO,19097,160844,980,4729
2020-12-13,BG,Bulgaria,EURO,18108,178952,897,5626
2020-12-20,BG,Bulgaria,EURO,12077,191029,925,6551
2020-12-27,BG,Bulgaria,EURO,6355,197384,572,7123
2021-01-03,BG,Bulgaria,EURO,5496,202880,521,7644
2021-01-10,BG,Bulgaria,EURO,5526,208406,453,8097
2021-01-17,BG,Bulgaria,EURO,3330,211736,377,8474
2021-01-24,BG,Bulgaria,EURO,2960,214696,337,8811
2021-01-31,BG,Bulgaria,EURO,3922,218618,217,9028
2021-02-07,BG,Bulgaria,EURO,4934,223552,283,9311
2021-02-14,BG,Bulgaria,EURO,5964,229516,297,9608
2021-02-21,BG,Bulgaria,EURO,6923,236439,231,9839
2021-02-28,BG,Bulgaria,EURO,10267,246706,328,10167
2021-03-07,BG,Bulgaria,EURO,13105,259811,426,10593
2021-03-14,BG,Bulgaria,EURO,18067,277878,641,11234
2021-03-21,BG,Bulgaria,EURO,24602,302480,732,11966
2021-03-28,BG,Bulgaria,EURO,25290,327770,684,12650
2021-04-04,BG,Bulgaria,EURO,24489,352259,857,13507
2021-04-11,BG,Bulgaria,EURO,19272,371531,844,14351
2021-04-18,BG,Bulgaria,EURO,14432,385963,787,15138
2021-04-25,BG,Bulgaria,EURO,11137,397100,721,15859
2021-05-02,BG,Bulgaria,EURO,7746,404846,585,16444
2021-05-09,BG,Bulgaria,EURO,5115,409961,458,16902
2021-05-16,BG,Bulgaria,EURO,4080,414041,348,17250
2021-05-23,BG,Bulgaria,EURO,2524,416565,237,17487
2021-05-30,BG,Bulgaria,EURO,1656,418221,170,17657
2021-06-06,BG,Bulgaria,EURO,1205,419426,156,17813
2021-06-13,BG,Bulgaria,EURO,868,420294,85,17898
2021-06-20,BG,Bulgaria,EURO,711,421005,91,17989
2021-06-27,BG,Bulgaria,EURO,510,421515,38,18027
2021-07-04,BG,Bulgaria,EURO,519,422034,57,18084
2021-07-11,BG,Bulgaria,EURO,412,422446,56,18140
2021-07-18,BG,Bulgaria,EURO,484,422930,29,18169
2021-07-25,BG,Bulgaria,EURO,699,423629,24,18193
2021-08-01,BG,Bulgaria,EURO,1425,425054,20,18213
2021-08-08,BG,Bulgaria,EURO,2819,427873,39,18252
2021-08-15,BG,Bulgaria,EURO,5089,432962,87,18339
2021-08-22,BG,Bulgaria,EURO,7949,440911,128,18467
2021-08-29,BG,Bulgaria,EURO,10237,451148,238,18705
2021-09-05,BG,Bulgaria,EURO,10397,461545,378,19083
2021-09-12,BG,Bulgaria,EURO,9290,470835,386,19469
2021-09-19,BG,Bulgaria,EURO,10893,481728,516,19985
2021-09-26,BG,Bulgaria,EURO,10637,492365,464,20449
2021-10-03,BG,Bulgaria,EURO,13116,505481,546,20995
2021-10-10,BG,Bulgaria,EURO,14760,520241,621,21616
2021-10-17,BG,Bulgaria,EURO,19378,539619,615,22231
2021-10-24,BG,Bulgaria,EURO,28454,568073,802,23033
2021-10-31,BG,Bulgaria,EURO,32962,601035,885,23918
2021-11-07,BG,Bulgaria,EURO,30471,631506,1087,25005
2021-11-14,BG,Bulgaria,EURO,23313,654819,1186,26191
2021-11-21,BG,Bulgaria,EURO,17736,672555,989,27180
2021-11-28,BG,Bulgaria,EURO,16073,688628,863,28043
2021-12-05,BG,Bulgaria,EURO,13826,702454,762,28805
2021-12-12,BG,Bulgaria,EURO,11702,714156,681,29486
2021-12-19,BG,Bulgaria,EURO,10181,724337,561,30047
2021-12-26,BG,Bulgaria,EURO,9545,733882,481,30528
2022-01-02,BG,Bulgaria,EURO,14302,748184,455,30983
2022-01-09,BG,Bulgaria,EURO,30517,778701,533,31516
2022-01-16,BG,Bulgaria,EURO,39528,818229,526,32042
2022-01-23,BG,Bulgaria,EURO,59152,877381,594,32636
2022-01-30,BG,Bulgaria,EURO,61831,939212,485,33121
2022-02-06,BG,Bulgaria,EURO,54043,993255,607,33728
2022-02-13,BG,Bulgaria,EURO,42030,1035285,631,34359
2022-02-20,BG,Bulgaria,EURO,31128,1066413,639,34998
2022-02-27,BG,Bulgaria,EURO,21383,1087796,460,35458
2022-03-06,BG,Bulgaria,EURO,13015,1100811,353,35811
2022-03-13,BG,Bulgaria,EURO,11365,1112176,273,36084
2022-03-20,BG,Bulgaria,EURO,11538,1123714,188,36272
2022-03-27,BG,Bulgaria,EURO,9388,1133102,157,36429
2022-04-03,BG,Bulgaria,EURO,7351,1140453,136,36565
2022-04-10,BG,Bulgaria,EURO,4690,1145143,127,36692
2022-04-17,BG,Bulgaria,EURO,4082,1149225,90,36782
2022-04-24,BG,Bulgaria,EURO,3667,1152892,67,36849
2022-05-01,BG,Bulgaria,EURO,3837,1156729,64,36913
2022-05-08,BG,Bulgaria,EURO,2421,1159150,53,36966
2022-05-15,BG,Bulgaria,EURO,2354,1161504,79,37045
2022-05-22,BG,Bulgaria,EURO,1813,1163317,45,37090
2022-05-29,BG,Bulgaria,EURO,1342,1164659,43,37133
2022-06-05,BG,Bulgaria,EURO,1148,1165807,30,37163
2022-06-12,BG,Bulgaria,EURO,1052,1166859,33,37196
2022-06-19,BG,Bulgaria,EURO,1179,1168038,28,37224
2022-06-26,BG,Bulgaria,EURO,1933,1169971,22,37246
2022-07-03,BG,Bulgaria,EURO,3123,1173094,11,37257
2022-07-10,BG,Bulgaria,EURO,4842,1177936,9,37266
2022-07-17,BG,Bulgaria,EURO,6496,1184432,25,37291
2022-07-24,BG,Bulgaria,EURO,10454,1194886,38,37329
2022-07-31,BG,Bulgaria,EURO,11805,1206691,48,37377
2022-08-07,BG,Bulgaria,EURO,6211,1212902,44,37421
2022-08-14,BG,Bulgaria,EURO,8910,1221812,55,37476
2022-08-21,BG,Bulgaria,EURO,7406,1229218,55,37531
2022-08-28,BG,Bulgaria,EURO,0,1229218,0,37531
2022-09-04,BG,Bulgaria,EURO,4874,1234092,26,37557
2022-09-11,BG,Bulgaria,EURO,3480,1237572,35,37592
2022-09-18,BG,Bulgaria,EURO,3494,1241066,30,37622
2022-09-25,BG,Bulgaria,EURO,3422,1244488,21,37643
2022-10-02,BG,Bulgaria,EURO,4818,1249306,21,37664
2022-10-09,BG,Bulgaria,EURO,4846,1254152,28,37692
2022-10-16,BG,Bulgaria,EURO,5177,1259329,38,37730
2022-10-23,BG,Bulgaria,EURO,4377,1263706,37,37767
2022-10-30,BG,Bulgaria,EURO,3946,1267652,39,37806
2022-11-06,BG,Bulgaria,EURO,2893,1270545,56,37862
2022-11-13,BG,Bulgaria,EURO,2340,1272885,37,37899
2022-11-20,BG,Bulgaria,EURO,1702,1274587,44,37943
2022-11-27,BG,Bulgaria,EURO,1341,1275928,30,37973
2022-12-04,BG,Bulgaria,EURO,1114,1277042,22,37995
2022-12-11,BG,Bulgaria,EURO,1201,1278243,12,38007
2022-12-18,BG,Bulgaria,EURO,1287,1279530,20,38027
2022-12-25,BG,Bulgaria,EURO,1087,1280617,9,38036
2023-01-01,BG,Bulgaria,EURO,877,1281494,18,38054
2023-01-08,BG,Bulgaria,EURO,1112,1282606,14,38068
2023-01-15,BG,Bulgaria,EURO,900,1283506,16,38084
2023-01-22,BG,Bulgaria,EURO,732,1284238,22,38106
2023-01-29,BG,Bulgaria,EURO,407,1284645,14,38120
2023-02-05,BG,Bulgaria,EURO,330,1284975,10,38130
2023-02-12,BG,Bulgaria,EURO,269,1285244,10,38140
2023-02-19,BG,Bulgaria,EURO,335,1285579,10,38150
2023-02-26,BG,Bulgaria,EURO,453,1286032,7,38157
2023-03-05,BG,Bulgaria,EURO,395,1286427,8,38165
2023-03-12,BG,Bulgaria,EURO,627,1287054,12,38177
2023-03-19,BG,Bulgaria,EURO,713,1287767,5,38182
2023-03-26,BG,Bulgaria,EURO,885,1288652,12,38194
2023-04-02,BG,Bulgaria,EURO,906,1289558,12,38206
2023-04-09,BG,Bulgaria,EURO,1015,1290573,16,38222
2023-04-16,BG,Bulgaria,EURO,963,1291536,12,38234
2023-04-23,BG,Bulgaria,EURO,1150,1292686,18,38252
2023-04-30,BG,Bulgaria,EURO,1024,1293710,21,38273
2023-05-07,BG,Bulgaria,EURO,884,1294594,14,38287
2023-05-14,BG,Bulgaria,EURO,718,1295312,12,38299
2023-05-21,BG,Bulgaria,EURO,740,1296052,15,38314
2023-05-28,BG,Bulgaria,EURO,589,1296641,10,38324
2023-06-04,BG,Bulgaria,EURO,542,1297183,13,38337
2023-06-11,BG,Bulgaria,EURO,422,1297605,12,38349
2023-06-18,BG,Bulgaria,EURO,389,1297994,5,38354
2023-06-25,BG,Bulgaria,EURO,276,1298270,12,38366
2023-07-02,BG,Bulgaria,EURO,205,1298475,5,38371
2023-07-09,BG,Bulgaria,EURO,172,1298647,17,38388
2023-07-16,BG,Bulgaria,EURO,139,1298786,5,38393
2023-07-23,BG,Bulgaria,EURO,123,1298909,3,38396
2023-07-30,BG,Bulgaria,EURO,115,1299024,1,38397
2023-08-06,BG,Bulgaria,EURO,177,1299201,0,38397
2023-08-13,BG,Bulgaria,EURO,203,1299404,1,38398
2023-08-20,BG,Bulgaria,EURO,221,1299625,2,38400
2023-08-27,BG,Bulgaria,EURO,305,1299930,3,38403
2023-09-03,BG,Bulgaria,EURO,356,1300286,3,38406
2023-09-10,BG,Bulgaria,EURO,434,1300720,4,38410
2023-09-17,BG,Bulgaria,EURO,620,1301340,3,38413
2023-09-24,BG,Bulgaria,EURO,848,1302188,1,38414
2023-10-01,BG,Bulgaria,EURO,1593,1303781,6,38420
2023-10-08,BG,Bulgaria,EURO,1698,1305479,12,38432
2023-10-15,BG,Bulgaria,EURO,2209,1307688,24,38456
2023-10-22,BG,Bulgaria,EURO,2137,1309825,16,38472
2023-10-29,BG,Bulgaria,EURO,2277,1312102,22,38494
2023-11-05,BG,Bulgaria,EURO,1864,1313966,22,38516
2023-11-12,BG,Bulgaria,EURO,1357,1315323,24,38540
2023-11-19,BG,Bulgaria,EURO,1148,1316471,19,38559
2023-11-26,BG,Bulgaria,EURO,1102,1317573,12,38571
2023-12-03,BG,Bulgaria,EURO,1089,1318662,17,38588
2023-12-10,BG,Bulgaria,EURO,1128,1319790,16,38604
2023-12-17,BG,Bulgaria,EURO,1330,1321120,9,38613
2023-12-24,BG,Bulgaria,EURO,0,1321120,0,38613
2023-12-31,BG,Bulgaria,EURO,0,1321120,0,38613
2020-01-05,BF,Burkina Faso,AFRO,0,0,0,0
2020-01-12,BF,Burkina Faso,AFRO,0,0,0,0
2020-01-19,BF,Burkina Faso,AFRO,0,0,0,0
2020-01-26,BF,Burkina Faso,AFRO,0,0,0,0
2020-02-02,BF,Burkina Faso,AFRO,0,0,0,0
2020-02-09,BF,Burkina Faso,AFRO,0,0,0,0
2020-02-16,BF,Burkina Faso,AFRO,0,0,0,0
2020-02-23,BF,Burkina Faso,AFRO,0,0,0,0
2020-03-01,BF,Burkina Faso,AFRO,0,0,0,0
2020-03-08,BF,Burkina Faso,AFRO,0,0,0,0
2020-03-15,BF,Burkina Faso,AFRO,7,7,0,0
2020-03-22,BF,Burkina Faso,AFRO,68,75,6,6
2020-03-29,BF,Burkina Faso,AFRO,147,222,9,15
2020-04-05,BF,Burkina Faso,AFRO,142,364,2,17
2020-04-12,BF,Burkina Faso,AFRO,120,484,1,18
2020-04-19,BF,Burkina Faso,AFRO,92,576,18,36
2020-04-26,BF,Burkina Faso,AFRO,56,632,6,42
2020-05-03,BF,Burkina Faso,AFRO,20,652,3,45
2020-05-10,BF,Burkina Faso,AFRO,96,748,3,48
2020-05-17,BF,Burkina Faso,AFRO,34,782,3,51
2020-05-24,BF,Burkina Faso,AFRO,59,841,1,52
2020-05-31,BF,Burkina Faso,AFRO,14,855,1,53
2020-06-07,BF,Burkina Faso,AFRO,34,889,0,53
2020-06-14,BF,Burkina Faso,AFRO,5,894,0,53
2020-06-21,BF,Burkina Faso,AFRO,7,901,0,53
2020-06-28,BF,Burkina Faso,AFRO,58,959,0,53
2020-07-05,BF,Burkina Faso,AFRO,41,1000,0,53
2020-07-12,BF,Burkina Faso,AFRO,36,1036,0,53
2020-07-19,BF,Burkina Faso,AFRO,29,1065,0,53
2020-07-26,BF,Burkina Faso,AFRO,35,1100,0,53
2020-08-02,BF,Burkina Faso,AFRO,50,1150,0,53
2020-08-09,BF,Burkina Faso,AFRO,54,1204,1,54
2020-08-16,BF,Burkina Faso,AFRO,63,1267,1,55
2020-08-23,BF,Burkina Faso,AFRO,61,1328,0,55
2020-08-30,BF,Burkina Faso,AFRO,40,1368,0,55
2020-09-06,BF,Burkina Faso,AFRO,84,1452,0,55
2020-09-13,BF,Burkina Faso,AFRO,255,1707,1,56
2020-09-20,BF,Burkina Faso,AFRO,139,1846,0,56
2020-09-27,BF,Burkina Faso,AFRO,162,2008,0,56
2020-10-04,BF,Burkina Faso,AFRO,159,2167,3,59
2020-10-11,BF,Burkina Faso,AFRO,113,2280,4,63
2020-10-18,BF,Burkina Faso,AFRO,101,2381,2,65
2020-10-25,BF,Burkina Faso,AFRO,70,2451,0,65
2020-11-01,BF,Burkina Faso,AFRO,57,2508,2,67
2020-11-08,BF,Burkina Faso,AFRO,61,2569,0,67
2020-11-15,BF,Burkina Faso,AFRO,72,2641,1,68
2020-11-22,BF,Burkina Faso,AFRO,94,2735,0,68
2020-11-29,BF,Burkina Faso,AFRO,121,2856,0,68
2020-12-06,BF,Burkina Faso,AFRO,356,3212,0,68
2020-12-13,BF,Burkina Faso,AFRO,818,4030,3,71
2020-12-20,BF,Burkina Faso,AFRO,1130,5160,5,76
2020-12-27,BF,Burkina Faso,AFRO,1184,6344,2,78
2021-01-03,BF,Burkina Faso,AFRO,707,7051,8,86
2021-01-10,BF,Burkina Faso,AFRO,1031,8082,3,89
2021-01-17,BF,Burkina Faso,AFRO,1106,9188,13,102
2021-01-24,BF,Burkina Faso,AFRO,850,10038,10,112
2021-01-31,BF,Burkina Faso,AFRO,644,10682,8,120
2021-02-07,BF,Burkina Faso,AFRO,603,11285,14,134
2021-02-14,BF,Burkina Faso,AFRO,329,11614,4,138
2021-02-21,BF,Burkina Faso,AFRO,183,11797,1,139
2021-02-28,BF,Burkina Faso,AFRO,227,12024,3,142
2021-03-07,BF,Burkina Faso,AFRO,157,12181,1,143
2021-03-14,BF,Burkina Faso,AFRO,191,12372,1,144
2021-03-21,BF,Burkina Faso,AFRO,163,12535,1,145
2021-03-28,BF,Burkina Faso,AFRO,157,12692,0,145
2021-04-04,BF,Burkina Faso,AFRO,125,12817,5,150
2021-04-11,BF,Burkina Faso,AFRO,162,12979,2,152
2021-04-18,BF,Burkina Faso,AFRO,150,13129,2,154
2021-04-25,BF,Burkina Faso,AFRO,134,13263,2,156
2021-05-02,BF,Burkina Faso,AFRO,61,13324,1,157
2021-05-09,BF,Burkina Faso,AFRO,55,13379,5,162
2021-05-16,BF,Burkina Faso,AFRO,18,13397,2,164
2021-05-23,BF,Burkina Faso,AFRO,18,13415,1,165
2021-05-30,BF,Burkina Faso,AFRO,16,13431,1,166
2021-06-06,BF,Burkina Faso,AFRO,22,13453,1,167
2021-06-13,BF,Burkina Faso,AFRO,6,13459,0,167
2021-06-20,BF,Burkina Faso,AFRO,10,13469,0,167
2021-06-27,BF,Burkina Faso,AFRO,9,13478,1,168
2021-07-04,BF,Burkina Faso,AFRO,16,13494,0,168
2021-07-11,BF,Burkina Faso,AFRO,23,13517,0,168
2021-07-18,BF,Burkina Faso,AFRO,19,13536,1,169
2021-07-25,BF,Burkina Faso,AFRO,7,13543,0,169
2021-08-01,BF,Burkina Faso,AFRO,45,13588,0,169
2021-08-08,BF,Burkina Faso,AFRO,37,13625,0,169
2021-08-15,BF,Burkina Faso,AFRO,52,13677,1,170
2021-08-22,BF,Burkina Faso,AFRO,38,13715,1,171
2021-08-29,BF,Burkina Faso,AFRO,47,13762,0,171
2021-09-05,BF,Burkina Faso,AFRO,89,13851,0,171
2021-09-12,BF,Burkina Faso,AFRO,99,13950,0,171
2021-09-19,BF,Burkina Faso,AFRO,102,14052,1,172
2021-09-26,BF,Burkina Faso,AFRO,131,14183,9,181
2021-10-03,BF,Burkina Faso,AFRO,158,14341,6,187
2021-10-10,BF,Burkina Faso,AFRO,175,14516,8,195
2021-10-17,BF,Burkina Faso,AFRO,236,14752,8,203
2021-10-24,BF,Burkina Faso,AFRO,41,14793,11,214
2021-10-31,BF,Burkina Faso,AFRO,108,14901,2,216
2021-11-07,BF,Burkina Faso,AFRO,202,15103,5,221
2021-11-14,BF,Burkina Faso,AFRO,178,15281,13,234
2021-11-21,BF,Burkina Faso,AFRO,233,15514,31,265
2021-11-28,BF,Burkina Faso,AFRO,197,15711,16,281
2021-12-05,BF,Burkina Faso,AFRO,289,16000,5,286
2021-12-12,BF,Burkina Faso,AFRO,334,16334,4,290
2021-12-19,BF,Burkina Faso,AFRO,338,16672,6,296
2021-12-26,BF,Burkina Faso,AFRO,368,17040,21,317
2022-01-02,BF,Burkina Faso,AFRO,592,17632,1,318
2022-01-09,BF,Burkina Faso,AFRO,2004,19636,15,333
2022-01-16,BF,Burkina Faso,AFRO,613,20249,6,339
2022-01-23,BF,Burkina Faso,AFRO,265,20514,14,353
2022-01-30,BF,Burkina Faso,AFRO,110,20624,13,366
2022-02-06,BF,Burkina Faso,AFRO,59,20683,6,372
2022-02-13,BF,Burkina Faso,AFRO,38,20721,3,375
2022-02-20,BF,Burkina Faso,AFRO,30,20751,0,375
2022-02-27,BF,Burkina Faso,AFRO,0,20751,0,375
2022-03-06,BF,Burkina Faso,AFRO,40,20791,3,378
2022-03-13,BF,Burkina Faso,AFRO,15,20806,1,379
2022-03-20,BF,Burkina Faso,AFRO,7,20813,0,379
2022-03-27,BF,Burkina Faso,AFRO,0,20813,0,379
2022-04-03,BF,Burkina Faso,AFRO,45,20858,3,382
2022-04-10,BF,Burkina Faso,AFRO,7,20865,1,383
2022-04-17,BF,Burkina Faso,AFRO,0,20865,0,383
2022-04-24,BF,Burkina Faso,AFRO,0,20865,0,383
2022-05-01,BF,Burkina Faso,AFRO,20,20885,1,384
2022-05-08,BF,Burkina Faso,AFRO,14,20899,0,384
2022-05-15,BF,Burkina Faso,AFRO,0,20899,0,384
2022-05-22,BF,Burkina Faso,AFRO,0,20899,0,384
2022-05-29,BF,Burkina Faso,AFRO,0,20899,0,384
2022-06-05,BF,Burkina Faso,AFRO,0,20899,0,384
2022-06-12,BF,Burkina Faso,AFRO,0,20899,0,384
2022-06-19,BF,Burkina Faso,AFRO,145,21044,3,387
2022-06-26,BF,Burkina Faso,AFRO,0,21044,0,387
2022-07-03,BF,Burkina Faso,AFRO,84,21128,0,387
2022-07-10,BF,Burkina Faso,AFRO,0,21128,0,387
2022-07-17,BF,Burkina Faso,AFRO,0,21128,0,387
2022-07-24,BF,Burkina Faso,AFRO,0,21128,0,387
2022-07-31,BF,Burkina Faso,AFRO,0,21128,0,387
2022-08-07,BF,Burkina Faso,AFRO,0,21128,0,387
2022-08-14,BF,Burkina Faso,AFRO,0,21128,0,387
2022-08-21,BF,Burkina Faso,AFRO,0,21128,0,387
2022-08-28,BF,Burkina Faso,AFRO,0,21128,0,387
2022-09-04,BF,Burkina Faso,AFRO,0,21128,0,387
2022-09-11,BF,Burkina Faso,AFRO,351,21479,0,387
2022-09-18,BF,Burkina Faso,AFRO,83,21562,0,387
2022-09-25,BF,Burkina Faso,AFRO,69,21631,0,387
2022-10-02,BF,Burkina Faso,AFRO,0,21631,0,387
2022-10-09,BF,Burkina Faso,AFRO,0,21631,0,387
2022-10-16,BF,Burkina Faso,AFRO,0,21631,0,387
2022-10-23,BF,Burkina Faso,AFRO,0,21631,0,387
2022-10-30,BF,Burkina Faso,AFRO,0,21631,0,387
2022-11-06,BF,Burkina Faso,AFRO,0,21631,0,387
2022-11-13,BF,Burkina Faso,AFRO,0,21631,0,387
2022-11-20,BF,Burkina Faso,AFRO,0,21631,0,387
2022-11-27,BF,Burkina Faso,AFRO,0,21631,0,387
2022-12-04,BF,Burkina Faso,AFRO,0,21631,0,387
2022-12-11,BF,Burkina Faso,AFRO,375,22006,8,395
2022-12-18,BF,Burkina Faso,AFRO,0,22006,0,395
2022-12-25,BF,Burkina Faso,AFRO,0,22006,0,395
2023-01-01,BF,Burkina Faso,AFRO,17,22023,0,395
2023-01-08,BF,Burkina Faso,AFRO,2,22025,1,396
2023-01-15,BF,Burkina Faso,AFRO,6,22031,0,396
2023-01-22,BF,Burkina Faso,AFRO,3,22034,0,396
2023-01-29,BF,Burkina Faso,AFRO,6,22040,0,396
2023-02-05,BF,Burkina Faso,AFRO,7,22047,0,396
2023-02-12,BF,Burkina Faso,AFRO,9,22056,0,396
2023-02-19,BF,Burkina Faso,AFRO,0,22056,0,396
2023-02-26,BF,Burkina Faso,AFRO,0,22056,0,396
2023-03-05,BF,Burkina Faso,AFRO,0,22056,0,396
2023-03-12,BF,Burkina Faso,AFRO,0,22056,0,396
2023-03-19,BF,Burkina Faso,AFRO,0,22056,0,396
2023-03-26,BF,Burkina Faso,AFRO,0,22056,0,396
2023-04-02,BF,Burkina Faso,AFRO,0,22056,0,396
2023-04-09,BF,Burkina Faso,AFRO,0,22056,0,396
2023-04-16,BF,Burkina Faso,AFRO,0,22056,0,396
2023-04-23,BF,Burkina Faso,AFRO,0,22056,0,396
2023-04-30,BF,Burkina Faso,AFRO,0,22056,0,396
2023-05-07,BF,Burkina Faso,AFRO,0,22056,0,396
2023-05-14,BF,Burkina Faso,AFRO,0,22056,0,396
2023-05-21,BF,Burkina Faso,AFRO,0,22056,0,396
2023-05-28,BF,Burkina Faso,AFRO,0,22056,0,396
2023-06-04,BF,Burkina Faso,AFRO,0,22056,0,396
2023-06-11,BF,Burkina Faso,AFRO,0,22056,0,396
2023-06-18,BF,Burkina Faso,AFRO,0,22056,0,396
2023-06-25,BF,Burkina Faso,AFRO,0,22056,0,396
2023-07-02,BF,Burkina Faso,AFRO,0,22056,0,396
2023-07-09,BF,Burkina Faso,AFRO,0,22056,0,396
2023-07-16,BF,Burkina Faso,AFRO,0,22056,0,396
2023-07-23,BF,Burkina Faso,AFRO,0,22056,0,396
2023-07-30,BF,Burkina Faso,AFRO,0,22056,0,396
2023-08-06,BF,Burkina Faso,AFRO,0,22056,0,396
2023-08-13,BF,Burkina Faso,AFRO,0,22056,0,396
2023-08-20,BF,Burkina Faso,AFRO,0,22056,0,396
2023-08-27,BF,Burkina Faso,AFRO,0,22056,0,396
2023-09-03,BF,Burkina Faso,AFRO,0,22056,0,396
2023-09-10,BF,Burkina Faso,AFRO,0,22056,0,396
2023-09-17,BF,Burkina Faso,AFRO,0,22056,0,396
2023-09-24,BF,Burkina Faso,AFRO,0,22056,0,396
2023-10-01,BF,Burkina Faso,AFRO,0,22056,0,396
2023-10-08,BF,Burkina Faso,AFRO,2,22058,0,396
2023-10-15,BF,Burkina Faso,AFRO,3,22061,0,396
2023-10-22,BF,Burkina Faso,AFRO,4,22065,0,396
2023-10-29,BF,Burkina Faso,AFRO,2,22067,0,396
2023-11-05,BF,Burkina Faso,AFRO,6,22073,0,396
2023-11-12,BF,Burkina Faso,AFRO,8,22081,0,396
2023-11-19,BF,Burkina Faso,AFRO,17,22098,2,398
2023-11-26,BF,Burkina Faso,AFRO,7,22105,1,399
2023-12-03,BF,Burkina Faso,AFRO,1,22106,0,399
2023-12-10,BF,Burkina Faso,AFRO,1,22107,1,400
2023-12-17,BF,Burkina Faso,AFRO,2,22109,0,400
2023-12-24,BF,Burkina Faso,AFRO,0,22109,0,400
2023-12-31,BF,Burkina Faso,AFRO,0,22109,0,400
2020-01-05,BI,Burundi,AFRO,0,0,0,0
2020-01-12,BI,Burundi,AFRO,0,0,0,0
2020-01-19,BI,Burundi,AFRO,0,0,0,0
2020-01-26,BI,Burundi,AFRO,0,0,0,0
2020-02-02,BI,Burundi,AFRO,0,0,0,0
2020-02-09,BI,Burundi,AFRO,0,0,0,0
2020-02-16,BI,Burundi,AFRO,0,0,0,0
2020-02-23,BI,Burundi,AFRO,0,0,0,0
2020-03-01,BI,Burundi,AFRO,0,0,0,0
2020-03-08,BI,Burundi,AFRO,0,0,0,0
2020-03-15,BI,Burundi,AFRO,0,0,0,0
2020-03-22,BI,Burundi,AFRO,0,0,0,0
2020-03-29,BI,Burundi,AFRO,0,0,0,0
2020-04-05,BI,Burundi,AFRO,3,3,0,0
2020-04-12,BI,Burundi,AFRO,2,5,0,0
2020-04-19,BI,Burundi,AFRO,0,5,1,1
2020-04-26,BI,Burundi,AFRO,10,15,0,1
2020-05-03,BI,Burundi,AFRO,4,19,0,1
2020-05-10,BI,Burundi,AFRO,8,27,0,1
2020-05-17,BI,Burundi,AFRO,15,42,0,1
2020-05-24,BI,Burundi,AFRO,0,42,0,1
2020-05-31,BI,Burundi,AFRO,21,63,0,1
2020-06-07,BI,Burundi,AFRO,20,83,0,1
2020-06-14,BI,Burundi,AFRO,11,94,0,1
2020-06-21,BI,Burundi,AFRO,50,144,0,1
2020-06-28,BI,Burundi,AFRO,26,170,0,1
2020-07-05,BI,Burundi,AFRO,21,191,0,1
2020-07-12,BI,Burundi,AFRO,66,257,0,1
2020-07-19,BI,Burundi,AFRO,65,322,0,1
2020-07-26,BI,Burundi,AFRO,23,345,0,1
2020-08-02,BI,Burundi,AFRO,42,387,0,1
2020-08-09,BI,Burundi,AFRO,18,405,0,1
2020-08-16,BI,Burundi,AFRO,8,413,0,1
2020-08-23,BI,Burundi,AFRO,17,430,0,1
2020-08-30,BI,Burundi,AFRO,15,445,0,1
2020-09-06,BI,Burundi,AFRO,17,462,0,1
2020-09-13,BI,Burundi,AFRO,10,472,0,1
2020-09-20,BI,Burundi,AFRO,1,473,0,1
2020-09-27,BI,Burundi,AFRO,11,484,0,1
2020-10-04,BI,Burundi,AFRO,29,513,0,1
2020-10-11,BI,Burundi,AFRO,12,525,0,1
2020-10-18,BI,Burundi,AFRO,17,542,0,1
2020-10-25,BI,Burundi,AFRO,14,556,0,1
2020-11-01,BI,Burundi,AFRO,33,589,0,1
2020-11-08,BI,Burundi,AFRO,25,614,0,1
2020-11-15,BI,Burundi,AFRO,14,628,0,1
2020-11-22,BI,Burundi,AFRO,34,662,0,1
2020-11-29,BI,Burundi,AFRO,26,688,0,1
2020-12-06,BI,Burundi,AFRO,6,694,0,1
2020-12-13,BI,Burundi,AFRO,35,729,0,1
2020-12-20,BI,Burundi,AFRO,32,761,1,2
2020-12-27,BI,Burundi,AFRO,48,809,0,2
2021-01-03,BI,Burundi,AFRO,24,833,0,2
2021-01-10,BI,Burundi,AFRO,153,986,0,2
2021-01-17,BI,Burundi,AFRO,250,1236,0,2
2021-01-24,BI,Burundi,AFRO,236,1472,0,2
2021-01-31,BI,Burundi,AFRO,163,1635,0,2
2021-02-07,BI,Burundi,AFRO,93,1728,1,3
2021-02-14,BI,Burundi,AFRO,121,1849,0,3
2021-02-21,BI,Burundi,AFRO,185,2034,0,3
2021-02-28,BI,Burundi,AFRO,183,2217,0,3
2021-03-07,BI,Burundi,AFRO,117,2334,0,3
2021-03-14,BI,Burundi,AFRO,147,2481,0,3
2021-03-21,BI,Burundi,AFRO,137,2618,3,6
2021-03-28,BI,Burundi,AFRO,149,2767,0,6
2021-04-04,BI,Burundi,AFRO,197,2964,0,6
2021-04-11,BI,Burundi,AFRO,223,3187,0,6
2021-04-18,BI,Burundi,AFRO,444,3631,0,6
2021-04-25,BI,Burundi,AFRO,243,3874,0,6
2021-05-02,BI,Burundi,AFRO,172,4046,0,6
2021-05-09,BI,Burundi,AFRO,154,4200,0,6
2021-05-16,BI,Burundi,AFRO,147,4347,0,6
2021-05-23,BI,Burundi,AFRO,199,4546,0,6
2021-05-30,BI,Burundi,AFRO,244,4790,0,6
2021-06-06,BI,Burundi,AFRO,135,4925,2,8
2021-06-13,BI,Burundi,AFRO,101,5026,0,8
2021-06-20,BI,Burundi,AFRO,216,5242,0,8
2021-06-27,BI,Burundi,AFRO,181,5423,0,8
2021-07-04,BI,Burundi,AFRO,98,5521,0,8
2021-07-11,BI,Burundi,AFRO,165,5686,0,8
2021-07-18,BI,Burundi,AFRO,208,5894,0,8
2021-07-25,BI,Burundi,AFRO,679,6573,0,8
2021-08-01,BI,Burundi,AFRO,932,7505,1,9
2021-08-08,BI,Burundi,AFRO,1295,8800,1,10
2021-08-15,BI,Burundi,AFRO,1303,10103,0,10
2021-08-22,BI,Burundi,AFRO,1230,11333,0,10
2021-08-29,BI,Burundi,AFRO,1196,12529,0,10
2021-09-05,BI,Burundi,AFRO,1047,13576,2,12
2021-09-12,BI,Burundi,AFRO,1801,15377,0,12
2021-09-19,BI,Burundi,AFRO,1355,16732,2,14
2021-09-26,BI,Burundi,AFRO,773,17505,0,14
2021-10-03,BI,Burundi,AFRO,1095,18600,0,14
2021-10-10,BI,Burundi,AFRO,657,19257,0,14
2021-10-17,BI,Burundi,AFRO,473,19730,0,14
2021-10-24,BI,Burundi,AFRO,215,19945,0,14
2021-10-31,BI,Burundi,AFRO,142,20087,0,14
2021-11-07,BI,Burundi,AFRO,78,20165,0,14
2021-11-14,BI,Burundi,AFRO,111,20276,0,14
2021-11-21,BI,Burundi,AFRO,62,20338,0,14
2021-11-28,BI,Burundi,AFRO,64,20402,0,14
2021-12-05,BI,Burundi,AFRO,89,20491,0,14
2021-12-12,BI,Burundi,AFRO,355,20846,0,14
2021-12-19,BI,Burundi,AFRO,1793,22639,0,14
2021-12-26,BI,Burundi,AFRO,4360,26999,0,14
2022-01-02,BI,Burundi,AFRO,5077,32076,0,14
2022-01-09,BI,Burundi,AFRO,3424,35500,0,14
2022-01-16,BI,Burundi,AFRO,1236,36736,0,14
2022-01-23,BI,Burundi,AFRO,306,37042,0,14
2022-01-30,BI,Burundi,AFRO,337,37379,0,14
2022-02-06,BI,Burundi,AFRO,377,37756,1,15
2022-02-13,BI,Burundi,AFRO,146,37902,0,15
2022-02-20,BI,Burundi,AFRO,109,38011,0,15
2022-02-27,BI,Burundi,AFRO,91,38102,0,15
2022-03-06,BI,Burundi,AFRO,107,38209,0,15
2022-03-13,BI,Burundi,AFRO,65,38274,0,15
2022-03-20,BI,Burundi,AFRO,98,38372,0,15
2022-03-27,BI,Burundi,AFRO,91,38463,0,15
2022-04-03,BI,Burundi,AFRO,125,38588,0,15
2022-04-10,BI,Burundi,AFRO,110,38698,0,15
2022-04-17,BI,Burundi,AFRO,103,38801,0,15
2022-04-24,BI,Burundi,AFRO,343,39144,0,15
2022-05-01,BI,Burundi,AFRO,1253,40397,0,15
2022-05-08,BI,Burundi,AFRO,676,41073,0,15
2022-05-15,BI,Burundi,AFRO,268,41341,0,15
2022-05-22,BI,Burundi,AFRO,509,41850,0,15
2022-05-29,BI,Burundi,AFRO,184,42034,0,15
2022-06-05,BI,Burundi,AFRO,171,42205,0,15
2022-06-12,BI,Burundi,AFRO,125,42330,0,15
2022-06-19,BI,Burundi,AFRO,142,42472,0,15
2022-06-26,BI,Burundi,AFRO,121,42593,0,15
2022-07-03,BI,Burundi,AFRO,201,42794,0,15
2022-07-10,BI,Burundi,AFRO,169,42963,0,15
2022-07-17,BI,Burundi,AFRO,451,43414,0,15
2022-07-24,BI,Burundi,AFRO,1023,44437,0,15
2022-07-31,BI,Burundi,AFRO,1714,46151,0,15
2022-08-07,BI,Burundi,AFRO,1096,47247,0,15
2022-08-14,BI,Burundi,AFRO,755,48002,0,15
2022-08-21,BI,Burundi,AFRO,973,48975,0,15
2022-08-28,BI,Burundi,AFRO,283,49258,0,15
2022-09-04,BI,Burundi,AFRO,112,49370,0,15
2022-09-11,BI,Burundi,AFRO,229,49599,0,15
2022-09-18,BI,Burundi,AFRO,427,50026,0,15
2022-09-25,BI,Burundi,AFRO,103,50129,0,15
2022-10-02,BI,Burundi,AFRO,96,50225,0,15
2022-10-09,BI,Burundi,AFRO,0,50225,0,15
2022-10-16,BI,Burundi,AFRO,147,50372,0,15
2022-10-23,BI,Burundi,AFRO,80,50452,0,15
2022-10-30,BI,Burundi,AFRO,18,50470,0,15
2022-11-06,BI,Burundi,AFRO,47,50517,0,15
2022-11-13,BI,Burundi,AFRO,122,50639,0,15
2022-11-20,BI,Burundi,AFRO,139,50778,0,15
2022-11-27,BI,Burundi,AFRO,240,51018,0,15
2022-12-04,BI,Burundi,AFRO,258,51276,0,15
2022-12-11,BI,Burundi,AFRO,205,51481,0,15
2022-12-18,BI,Burundi,AFRO,241,51722,0,15
2022-12-25,BI,Burundi,AFRO,329,52051,0,15
2023-01-01,BI,Burundi,AFRO,111,52162,0,15
2023-01-08,BI,Burundi,AFRO,218,52380,0,15
2023-01-15,BI,Burundi,AFRO,49,52429,0,15
2023-01-22,BI,Burundi,AFRO,0,52429,0,15
2023-01-29,BI,Burundi,AFRO,1063,53492,0,15
2023-02-05,BI,Burundi,AFRO,82,53574,0,15
2023-02-12,BI,Burundi,AFRO,35,53609,0,15
2023-02-19,BI,Burundi,AFRO,0,53609,0,15
2023-02-26,BI,Burundi,AFRO,37,53646,0,15
2023-03-05,BI,Burundi,AFRO,15,53661,0,15
2023-03-12,BI,Burundi,AFRO,0,53661,0,15
2023-03-19,BI,Burundi,AFRO,13,53674,0,15
2023-03-26,BI,Burundi,AFRO,12,53686,0,15
2023-04-02,BI,Burundi,AFRO,20,53706,0,15
2023-04-09,BI,Burundi,AFRO,13,53719,0,15
2023-04-16,BI,Burundi,AFRO,7,53726,0,15
2023-04-23,BI,Burundi,AFRO,0,53726,0,15
2023-04-30,BI,Burundi,AFRO,5,53731,0,15
2023-05-07,BI,Burundi,AFRO,9,53740,0,15
2023-05-14,BI,Burundi,AFRO,9,53749,0,15
2023-05-21,BI,Burundi,AFRO,13,53762,0,15
2023-05-28,BI,Burundi,AFRO,0,53762,0,15
2023-06-04,BI,Burundi,AFRO,74,53836,0,15
2023-06-11,BI,Burundi,AFRO,118,53954,0,15
2023-06-18,BI,Burundi,AFRO,82,54036,0,15
2023-06-25,BI,Burundi,AFRO,106,54142,0,15
2023-07-02,BI,Burundi,AFRO,16,54158,0,15
2023-07-09,BI,Burundi,AFRO,163,54321,0,15
2023-07-16,BI,Burundi,AFRO,-105,54216,0,15
2023-07-23,BI,Burundi,AFRO,13,54229,0,15
2023-07-30,BI,Burundi,AFRO,5,54234,0,15
2023-08-06,BI,Burundi,AFRO,4,54238,0,15
2023-08-13,BI,Burundi,AFRO,1,54239,0,15
2023-08-20,BI,Burundi,AFRO,0,54239,0,15
2023-08-27,BI,Burundi,AFRO,0,54239,0,15
2023-09-03,BI,Burundi,AFRO,2,54241,0,15
2023-09-10,BI,Burundi,AFRO,125,54366,0,15
2023-09-17,BI,Burundi,AFRO,0,54366,0,15
2023-09-24,BI,Burundi,AFRO,0,54366,0,15
2023-10-01,BI,Burundi,AFRO,0,54366,0,15
2023-10-08,BI,Burundi,AFRO,0,54366,0,15
2023-10-15,BI,Burundi,AFRO,0,54366,0,15
2023-10-22,BI,Burundi,AFRO,0,54366,0,15
2023-10-29,BI,Burundi,AFRO,0,54366,0,15
2023-11-05,BI,Burundi,AFRO,1,54367,0,15
2023-11-12,BI,Burundi,AFRO,1,54368,0,15
2023-11-19,BI,Burundi,AFRO,0,54368,0,15
2023-11-26,BI,Burundi,AFRO,14,54382,0,15
2023-12-03,BI,Burundi,AFRO,12,54394,0,15
2023-12-10,BI,Burundi,AFRO,25,54419,0,15
2023-12-17,BI,Burundi,AFRO,32,54451,0,15
2023-12-24,BI,Burundi,AFRO,4,54455,0,15
2023-12-31,BI,Burundi,AFRO,0,54455,0,15
2020-01-05,CV,Cabo Verde,AFRO,0,0,0,0
2020-01-12,CV,Cabo Verde,AFRO,0,0,0,0
2020-01-19,CV,Cabo Verde,AFRO,0,0,0,0
2020-01-26,CV,Cabo Verde,AFRO,0,0,0,0
2020-02-02,CV,Cabo Verde,AFRO,0,0,0,0
2020-02-09,CV,Cabo Verde,AFRO,0,0,0,0
2020-02-16,CV,Cabo Verde,AFRO,0,0,0,0
2020-02-23,CV,Cabo Verde,AFRO,0,0,0,0
2020-03-01,CV,Cabo Verde,AFRO,0,0,0,0
2020-03-08,CV,Cabo Verde,AFRO,0,0,0,0
2020-03-15,CV,Cabo Verde,AFRO,0,0,0,0
2020-03-22,CV,Cabo Verde,AFRO,3,3,0,0
2020-03-29,CV,Cabo Verde,AFRO,2,5,0,0
2020-04-05,CV,Cabo Verde,AFRO,0,5,0,0
2020-04-12,CV,Cabo Verde,AFRO,2,7,0,0
2020-04-19,CV,Cabo Verde,AFRO,48,55,0,0
2020-04-26,CV,Cabo Verde,AFRO,35,90,0,0
2020-05-03,CV,Cabo Verde,AFRO,62,152,2,2
2020-05-10,CV,Cabo Verde,AFRO,84,236,0,2
2020-05-17,CV,Cabo Verde,AFRO,92,328,1,3
2020-05-24,CV,Cabo Verde,AFRO,43,371,0,3
2020-05-31,CV,Cabo Verde,AFRO,50,421,1,4
2020-06-07,CV,Cabo Verde,AFRO,121,542,1,5
2020-06-14,CV,Cabo Verde,AFRO,184,726,1,6
2020-06-21,CV,Cabo Verde,AFRO,137,863,2,8
2020-06-28,CV,Cabo Verde,AFRO,228,1091,4,12
2020-07-05,CV,Cabo Verde,AFRO,329,1420,4,16
2020-07-12,CV,Cabo Verde,AFRO,203,1623,3,19
2020-07-19,CV,Cabo Verde,AFRO,391,2014,2,21
2020-07-26,CV,Cabo Verde,AFRO,244,2258,1,22
2020-08-02,CV,Cabo Verde,AFRO,222,2480,2,24
2020-08-09,CV,Cabo Verde,AFRO,355,2835,8,32
2020-08-16,CV,Cabo Verde,AFRO,328,3163,2,34
2020-08-23,CV,Cabo Verde,AFRO,292,3455,3,37
2020-08-30,CV,Cabo Verde,AFRO,323,3778,2,39
2020-09-06,CV,Cabo Verde,AFRO,497,4275,3,42
2020-09-13,CV,Cabo Verde,AFRO,436,4711,2,44
2020-09-20,CV,Cabo Verde,AFRO,475,5186,6,50
2020-09-27,CV,Cabo Verde,AFRO,515,5701,6,56
2020-10-04,CV,Cabo Verde,AFRO,595,6296,6,62
2020-10-11,CV,Cabo Verde,AFRO,617,6913,12,74
2020-10-18,CV,Cabo Verde,AFRO,725,7638,11,85
2020-10-25,CV,Cabo Verde,AFRO,684,8322,9,94
2020-11-01,CV,Cabo Verde,AFRO,471,8793,1,95
2020-11-08,CV,Cabo Verde,AFRO,498,9291,5,100
2020-11-15,CV,Cabo Verde,AFRO,489,9780,2,102
2020-11-22,CV,Cabo Verde,AFRO,454,10234,2,104
2020-11-29,CV,Cabo Verde,AFRO,466,10700,0,104
2020-12-06,CV,Cabo Verde,AFRO,336,11036,1,105
2020-12-13,CV,Cabo Verde,AFRO,266,11302,5,110
2020-12-20,CV,Cabo Verde,AFRO,265,11567,1,111
2020-12-27,CV,Cabo Verde,AFRO,131,11698,1,112
2021-01-03,CV,Cabo Verde,AFRO,185,11883,1,113
2021-01-10,CV,Cabo Verde,AFRO,433,12316,1,114
2021-01-17,CV,Cabo Verde,AFRO,585,12901,5,119
2021-01-24,CV,Cabo Verde,AFRO,513,13414,5,124
2021-01-31,CV,Cabo Verde,AFRO,567,13981,9,133
2021-02-07,CV,Cabo Verde,AFRO,399,14380,2,135
2021-02-14,CV,Cabo Verde,AFRO,320,14700,4,139
2021-02-21,CV,Cabo Verde,AFRO,299,14999,4,143
2021-02-28,CV,Cabo Verde,AFRO,325,15324,4,147
2021-03-07,CV,Cabo Verde,AFRO,400,15724,5,152
2021-03-14,CV,Cabo Verde,AFRO,311,16035,4,156
2021-03-21,CV,Cabo Verde,AFRO,405,16440,3,159
2021-03-28,CV,Cabo Verde,AFRO,578,17018,6,165
2021-04-04,CV,Cabo Verde,AFRO,803,17821,6,171
2021-04-11,CV,Cabo Verde,AFRO,1015,18836,10,181
2021-04-18,CV,Cabo Verde,AFRO,1418,20254,9,190
2021-04-25,CV,Cabo Verde,AFRO,1840,22094,11,201
2021-05-02,CV,Cabo Verde,AFRO,2033,24127,19,220
2021-05-09,CV,Cabo Verde,AFRO,1984,26111,12,232
2021-05-16,CV,Cabo Verde,AFRO,1840,27951,14,246
2021-05-23,CV,Cabo Verde,AFRO,1247,29198,10,256
2021-05-30,CV,Cabo Verde,AFRO,1075,30273,7,263
2021-06-06,CV,Cabo Verde,AFRO,730,31003,4,267
2021-06-13,CV,Cabo Verde,AFRO,568,31571,6,273
2021-06-20,CV,Cabo Verde,AFRO,393,31964,8,281
2021-06-27,CV,Cabo Verde,AFRO,380,32344,5,286
2021-07-04,CV,Cabo Verde,AFRO,361,32705,1,287
2021-07-11,CV,Cabo Verde,AFRO,264,32969,2,289
2021-07-18,CV,Cabo Verde,AFRO,301,33270,6,295
2021-07-25,CV,Cabo Verde,AFRO,271,33541,2,297
2021-08-01,CV,Cabo Verde,AFRO,250,33791,1,298
2021-08-08,CV,Cabo Verde,AFRO,219,34010,0,298
2021-08-15,CV,Cabo Verde,AFRO,334,34344,1,299
2021-08-22,CV,Cabo Verde,AFRO,342,34686,3,302
2021-08-29,CV,Cabo Verde,AFRO,461,35147,6,308
2021-09-05,CV,Cabo Verde,AFRO,709,35856,7,315
2021-09-12,CV,Cabo Verde,AFRO,663,36519,5,320
2021-09-19,CV,Cabo Verde,AFRO,533,37052,9,329
2021-09-26,CV,Cabo Verde,AFRO,348,37400,5,334
2021-10-03,CV,Cabo Verde,AFRO,235,37635,6,340
2021-10-10,CV,Cabo Verde,AFRO,235,37870,6,346
2021-10-17,CV,Cabo Verde,AFRO,165,38035,1,347
2021-10-24,CV,Cabo Verde,AFRO,95,38130,2,349
2021-10-31,CV,Cabo Verde,AFRO,77,38207,0,349
2021-11-07,CV,Cabo Verde,AFRO,46,38253,0,349
2021-11-14,CV,Cabo Verde,AFRO,40,38293,0,349
2021-11-21,CV,Cabo Verde,AFRO,31,38324,0,349
2021-11-28,CV,Cabo Verde,AFRO,34,38358,0,349
2021-12-05,CV,Cabo Verde,AFRO,81,38439,2,351
2021-12-12,CV,Cabo Verde,AFRO,57,38496,0,351
2021-12-19,CV,Cabo Verde,AFRO,77,38573,1,352
2021-12-26,CV,Cabo Verde,AFRO,440,39013,0,352
2022-01-02,CV,Cabo Verde,AFRO,3450,42463,1,353
2022-01-09,CV,Cabo Verde,AFRO,7387,49850,10,363
2022-01-16,CV,Cabo Verde,AFRO,4137,53987,13,376
2022-01-23,CV,Cabo Verde,AFRO,1269,55256,11,387
2022-01-30,CV,Cabo Verde,AFRO,402,55658,8,395
2022-02-06,CV,Cabo Verde,AFRO,114,55772,1,396
2022-02-13,CV,Cabo Verde,AFRO,70,55842,4,400
2022-02-20,CV,Cabo Verde,AFRO,18,55860,0,400
2022-02-27,CV,Cabo Verde,AFRO,22,55882,1,401
2022-03-06,CV,Cabo Verde,AFRO,13,55895,0,401
2022-03-13,CV,Cabo Verde,AFRO,11,55906,0,401
2022-03-20,CV,Cabo Verde,AFRO,19,55925,0,401
2022-03-27,CV,Cabo Verde,AFRO,23,55948,0,401
2022-04-03,CV,Cabo Verde,AFRO,12,55960,0,401
2022-04-10,CV,Cabo Verde,AFRO,12,55972,0,401
2022-04-17,CV,Cabo Verde,AFRO,18,55990,0,401
2022-04-24,CV,Cabo Verde,AFRO,14,56004,0,401
2022-05-01,CV,Cabo Verde,AFRO,21,56025,0,401
2022-05-08,CV,Cabo Verde,AFRO,40,56065,0,401
2022-05-15,CV,Cabo Verde,AFRO,50,56115,0,401
2022-05-22,CV,Cabo Verde,AFRO,57,56172,0,401
2022-05-29,CV,Cabo Verde,AFRO,118,56290,0,401
2022-06-05,CV,Cabo Verde,AFRO,266,56556,1,402
2022-06-12,CV,Cabo Verde,AFRO,540,57096,0,402
2022-06-19,CV,Cabo Verde,AFRO,1080,58176,0,402
2022-06-26,CV,Cabo Verde,AFRO,1357,59533,1,403
2022-07-03,CV,Cabo Verde,AFRO,1469,61002,2,405
2022-07-10,CV,Cabo Verde,AFRO,621,61623,4,409
2022-07-17,CV,Cabo Verde,AFRO,299,61922,0,409
2022-07-24,CV,Cabo Verde,AFRO,150,62072,0,409
2022-07-31,CV,Cabo Verde,AFRO,87,62159,1,410
2022-08-07,CV,Cabo Verde,AFRO,48,62207,0,410
2022-08-14,CV,Cabo Verde,AFRO,46,62253,0,410
2022-08-21,CV,Cabo Verde,AFRO,35,62288,0,410
2022-08-28,CV,Cabo Verde,AFRO,22,62310,0,410
2022-09-04,CV,Cabo Verde,AFRO,18,62328,0,410
2022-09-11,CV,Cabo Verde,AFRO,13,62341,0,410
2022-09-18,CV,Cabo Verde,AFRO,11,62352,0,410
2022-09-25,CV,Cabo Verde,AFRO,7,62359,0,410
2022-10-02,CV,Cabo Verde,AFRO,17,62376,0,410
2022-10-09,CV,Cabo Verde,AFRO,13,62389,0,410
2022-10-16,CV,Cabo Verde,AFRO,8,62397,0,410
2022-10-23,CV,Cabo Verde,AFRO,0,62397,0,410
2022-10-30,CV,Cabo Verde,AFRO,0,62397,0,410
2022-11-06,CV,Cabo Verde,AFRO,164,62561,0,410
2022-11-13,CV,Cabo Verde,AFRO,119,62680,0,410
2022-11-20,CV,Cabo Verde,AFRO,139,62819,1,411
2022-11-27,CV,Cabo Verde,AFRO,150,62969,1,412
2022-12-04,CV,Cabo Verde,AFRO,111,63080,0,412
2022-12-11,CV,Cabo Verde,AFRO,49,63129,0,412
2022-12-18,CV,Cabo Verde,AFRO,35,63164,0,412
2022-12-25,CV,Cabo Verde,AFRO,26,63190,0,412
2023-01-01,CV,Cabo Verde,AFRO,10,63200,0,412
2023-01-08,CV,Cabo Verde,AFRO,7,63207,0,412
2023-01-15,CV,Cabo Verde,AFRO,14,63221,0,412
2023-01-22,CV,Cabo Verde,AFRO,3,63224,0,412
2023-01-29,CV,Cabo Verde,AFRO,3,63227,1,413
2023-02-05,CV,Cabo Verde,AFRO,2,63229,0,413
2023-02-12,CV,Cabo Verde,AFRO,6,63235,0,413
2023-02-19,CV,Cabo Verde,AFRO,4,63239,0,413
2023-02-26,CV,Cabo Verde,AFRO,2,63241,0,413
2023-03-05,CV,Cabo Verde,AFRO,4,63245,0,413
2023-03-12,CV,Cabo Verde,AFRO,0,63245,0,413
2023-03-19,CV,Cabo Verde,AFRO,7,63252,0,413
2023-03-26,CV,Cabo Verde,AFRO,5,63257,0,413
2023-04-02,CV,Cabo Verde,AFRO,3,63260,0,413
2023-04-09,CV,Cabo Verde,AFRO,18,63278,0,413
2023-04-16,CV,Cabo Verde,AFRO,3,63281,0,413
2023-04-23,CV,Cabo Verde,AFRO,72,63353,0,413
2023-04-30,CV,Cabo Verde,AFRO,114,63467,0,413
2023-05-07,CV,Cabo Verde,AFRO,146,63613,0,413
2023-05-14,CV,Cabo Verde,AFRO,128,63741,1,414
2023-05-21,CV,Cabo Verde,AFRO,106,63847,0,414
2023-05-28,CV,Cabo Verde,AFRO,64,63911,0,414
2023-06-04,CV,Cabo Verde,AFRO,43,63954,0,414
2023-06-11,CV,Cabo Verde,AFRO,24,63978,0,414
2023-06-18,CV,Cabo Verde,AFRO,7,63985,0,414
2023-06-25,CV,Cabo Verde,AFRO,45,64030,0,414
2023-07-02,CV,Cabo Verde,AFRO,50,64080,0,414
2023-07-09,CV,Cabo Verde,AFRO,45,64125,0,414
2023-07-16,CV,Cabo Verde,AFRO,36,64161,0,414
2023-07-23,CV,Cabo Verde,AFRO,11,64172,0,414
2023-07-30,CV,Cabo Verde,AFRO,10,64182,0,414
2023-08-06,CV,Cabo Verde,AFRO,7,64189,0,414
2023-08-13,CV,Cabo Verde,AFRO,37,64226,0,414
2023-08-20,CV,Cabo Verde,AFRO,12,64238,1,415
2023-08-27,CV,Cabo Verde,AFRO,34,64272,0,415
2023-09-03,CV,Cabo Verde,AFRO,34,64306,0,415
2023-09-10,CV,Cabo Verde,AFRO,49,64355,0,415
2023-09-17,CV,Cabo Verde,AFRO,49,64404,0,415
2023-09-24,CV,Cabo Verde,AFRO,26,64430,0,415
2023-10-01,CV,Cabo Verde,AFRO,21,64451,1,416
2023-10-08,CV,Cabo Verde,AFRO,5,64456,0,416
2023-10-15,CV,Cabo Verde,AFRO,14,64470,0,416
2023-10-22,CV,Cabo Verde,AFRO,1,64471,0,416
2023-10-29,CV,Cabo Verde,AFRO,3,64474,0,416
2023-11-05,CV,Cabo Verde,AFRO,0,64474,0,416
2023-11-12,CV,Cabo Verde,AFRO,0,64474,0,416
2023-11-19,CV,Cabo Verde,AFRO,0,64474,0,416
2023-11-26,CV,Cabo Verde,AFRO,0,64474,0,416
2023-12-03,CV,Cabo Verde,AFRO,0,64474,0,416
2023-12-10,CV,Cabo Verde,AFRO,0,64474,0,416
2023-12-17,CV,Cabo Verde,AFRO,0,64474,0,416
2023-12-24,CV,Cabo Verde,AFRO,0,64474,0,416
2023-12-31,CV,Cabo Verde,AFRO,0,64474,0,416
2020-01-05,KH,Cambodia,WPRO,0,0,0,0
2020-01-12,KH,Cambodia,WPRO,0,0,0,0
2020-01-19,KH,Cambodia,WPRO,0,0,0,0
2020-01-26,KH,Cambodia,WPRO,0,0,0,0
2020-02-02,KH,Cambodia,WPRO,1,1,0,0
2020-02-09,KH,Cambodia,WPRO,0,1,0,0
2020-02-16,KH,Cambodia,WPRO,0,1,0,0
2020-02-23,KH,Cambodia,WPRO,0,1,0,0
2020-03-01,KH,Cambodia,WPRO,0,1,0,0
2020-03-08,KH,Cambodia,WPRO,1,2,0,0
2020-03-15,KH,Cambodia,WPRO,5,7,0,0
2020-03-22,KH,Cambodia,WPRO,46,53,0,0
2020-03-29,KH,Cambodia,WPRO,49,102,0,0
2020-04-05,KH,Cambodia,WPRO,12,114,0,0
2020-04-12,KH,Cambodia,WPRO,8,122,0,0
2020-04-19,KH,Cambodia,WPRO,0,122,0,0
2020-04-26,KH,Cambodia,WPRO,0,122,0,0
2020-05-03,KH,Cambodia,WPRO,0,122,0,0
2020-05-10,KH,Cambodia,WPRO,0,122,0,0
2020-05-17,KH,Cambodia,WPRO,0,122,0,0
2020-05-24,KH,Cambodia,WPRO,2,124,0,0
2020-05-31,KH,Cambodia,WPRO,1,125,0,0
2020-06-07,KH,Cambodia,WPRO,1,126,0,0
2020-06-14,KH,Cambodia,WPRO,0,126,0,0
2020-06-21,KH,Cambodia,WPRO,3,129,0,0
2020-06-28,KH,Cambodia,WPRO,10,139,0,0
2020-07-05,KH,Cambodia,WPRO,2,141,0,0
2020-07-12,KH,Cambodia,WPRO,15,156,0,0
2020-07-19,KH,Cambodia,WPRO,15,171,0,0
2020-07-26,KH,Cambodia,WPRO,54,225,0,0
2020-08-02,KH,Cambodia,WPRO,15,240,0,0
2020-08-09,KH,Cambodia,WPRO,8,248,0,0
2020-08-16,KH,Cambodia,WPRO,25,273,0,0
2020-08-23,KH,Cambodia,WPRO,0,273,0,0
2020-08-30,KH,Cambodia,WPRO,0,273,0,0
2020-09-06,KH,Cambodia,WPRO,1,274,0,0
2020-09-13,KH,Cambodia,WPRO,1,275,0,0
2020-09-20,KH,Cambodia,WPRO,0,275,0,0
2020-09-27,KH,Cambodia,WPRO,1,276,0,0
2020-10-04,KH,Cambodia,WPRO,2,278,0,0
2020-10-11,KH,Cambodia,WPRO,5,283,0,0
2020-10-18,KH,Cambodia,WPRO,0,283,0,0
2020-10-25,KH,Cambodia,WPRO,4,287,0,0
2020-11-01,KH,Cambodia,WPRO,4,291,0,0
2020-11-08,KH,Cambodia,WPRO,4,295,0,0
2020-11-15,KH,Cambodia,WPRO,7,302,0,0
2020-11-22,KH,Cambodia,WPRO,4,306,0,0
2020-11-29,KH,Cambodia,WPRO,9,315,0,0
2020-12-06,KH,Cambodia,WPRO,31,346,0,0
2020-12-13,KH,Cambodia,WPRO,13,359,0,0
2020-12-20,KH,Cambodia,WPRO,3,362,0,0
2020-12-27,KH,Cambodia,WPRO,2,364,0,0
2021-01-03,KH,Cambodia,WPRO,18,382,0,0
2021-01-10,KH,Cambodia,WPRO,10,392,0,0
2021-01-17,KH,Cambodia,WPRO,47,439,0,0
2021-01-24,KH,Cambodia,WPRO,19,458,0,0
2021-01-31,KH,Cambodia,WPRO,8,466,0,0
2021-02-07,KH,Cambodia,WPRO,8,474,0,0
2021-02-14,KH,Cambodia,WPRO,5,479,0,0
2021-02-21,KH,Cambodia,WPRO,89,568,0,0
2021-02-28,KH,Cambodia,WPRO,252,820,0,0
2021-03-07,KH,Cambodia,WPRO,191,1011,0,0
2021-03-14,KH,Cambodia,WPRO,314,1325,1,1
2021-03-21,KH,Cambodia,WPRO,428,1753,2,3
2021-03-28,KH,Cambodia,WPRO,520,2273,7,10
2021-04-04,KH,Cambodia,WPRO,479,2752,9,19
2021-04-11,KH,Cambodia,WPRO,1763,4515,10,29
2021-04-18,KH,Cambodia,WPRO,2498,7013,14,43
2021-04-25,KH,Cambodia,WPRO,3542,10555,31,74
2021-05-02,KH,Cambodia,WPRO,4806,15361,32,106
2021-05-09,KH,Cambodia,WPRO,4382,19743,20,126
2021-05-16,KH,Cambodia,WPRO,2801,22544,28,154
2021-05-23,KH,Cambodia,WPRO,3217,25761,25,179
2021-05-30,KH,Cambodia,WPRO,4333,30094,35,214
2021-06-06,KH,Cambodia,WPRO,4150,34244,49,263
2021-06-13,KH,Cambodia,WPRO,4183,38427,72,335
2021-06-20,KH,Cambodia,WPRO,4284,42711,96,431
2021-06-27,KH,Cambodia,WPRO,4938,47649,109,540
2021-07-04,KH,Cambodia,WPRO,6642,54291,180,720
2021-07-11,KH,Cambodia,WPRO,6668,60959,182,902
2021-07-18,KH,Cambodia,WPRO,6222,67181,204,1106
2021-07-25,KH,Cambodia,WPRO,5742,72923,177,1283
2021-08-01,KH,Cambodia,WPRO,4991,77914,137,1420
2021-08-08,KH,Cambodia,WPRO,3977,81891,142,1562
2021-08-15,KH,Cambodia,WPRO,3557,85448,121,1683
2021-08-22,KH,Cambodia,WPRO,3783,89231,109,1792
2021-08-29,KH,Cambodia,WPRO,2977,92208,89,1881
2021-09-05,KH,Cambodia,WPRO,3092,95300,76,1957
2021-09-12,KH,Cambodia,WPRO,4204,99504,83,2040
2021-09-19,KH,Cambodia,WPRO,4590,104094,69,2109
2021-09-26,KH,Cambodia,WPRO,4993,109087,134,2243
2021-10-03,KH,Cambodia,WPRO,4169,113256,140,2383
2021-10-10,KH,Cambodia,WPRO,1554,114810,123,2506
2021-10-17,KH,Cambodia,WPRO,1855,116665,152,2658
2021-10-24,KH,Cambodia,WPRO,1107,117772,76,2734
2021-10-31,KH,Cambodia,WPRO,750,118522,54,2788
2021-11-07,KH,Cambodia,WPRO,570,119092,41,2829
2021-11-14,KH,Cambodia,WPRO,444,119536,38,2867
2021-11-21,KH,Cambodia,WPRO,331,119867,33,2900
2021-11-28,KH,Cambodia,WPRO,220,120087,31,2931
2021-12-05,KH,Cambodia,WPRO,169,120256,29,2960
2021-12-12,KH,Cambodia,WPRO,99,120355,25,2985
2021-12-19,KH,Cambodia,WPRO,61,120416,20,3005
2021-12-26,KH,Cambodia,WPRO,33,120449,3,3008
2022-01-02,KH,Cambodia,WPRO,61,120510,5,3013
2022-01-09,KH,Cambodia,WPRO,111,120621,2,3015
2022-01-16,KH,Cambodia,WPRO,175,120796,0,3015
2022-01-23,KH,Cambodia,WPRO,230,121026,0,3015
2022-01-30,KH,Cambodia,WPRO,273,121299,0,3015
2022-02-06,KH,Cambodia,WPRO,474,121773,0,3015
2022-02-13,KH,Cambodia,WPRO,1670,123443,0,3015
2022-02-20,KH,Cambodia,WPRO,3046,126489,2,3017
2022-02-27,KH,Cambodia,WPRO,3431,129920,15,3032
2022-03-06,KH,Cambodia,WPRO,2482,132402,9,3041
2022-03-13,KH,Cambodia,WPRO,1666,134068,6,3047
2022-03-20,KH,Cambodia,WPRO,918,134986,4,3051
2022-03-27,KH,Cambodia,WPRO,475,135461,3,3054
2022-04-03,KH,Cambodia,WPRO,286,135747,0,3054
2022-04-10,KH,Cambodia,WPRO,200,135947,1,3055
2022-04-17,KH,Cambodia,WPRO,113,136060,0,3055
2022-04-24,KH,Cambodia,WPRO,156,136216,1,3056
2022-05-01,KH,Cambodia,WPRO,36,136252,0,3056
2022-05-08,KH,Cambodia,WPRO,10,136262,0,3056
2022-05-15,KH,Cambodia,WPRO,0,136262,0,3056
2022-05-22,KH,Cambodia,WPRO,0,136262,0,3056
2022-05-29,KH,Cambodia,WPRO,0,136262,0,3056
2022-06-05,KH,Cambodia,WPRO,0,136262,0,3056
2022-06-12,KH,Cambodia,WPRO,0,136262,0,3056
2022-06-19,KH,Cambodia,WPRO,0,136262,0,3056
2022-06-26,KH,Cambodia,WPRO,0,136262,0,3056
2022-07-03,KH,Cambodia,WPRO,28,136290,0,3056
2022-07-10,KH,Cambodia,WPRO,53,136343,0,3056
2022-07-17,KH,Cambodia,WPRO,94,136437,0,3056
2022-07-24,KH,Cambodia,WPRO,128,136565,0,3056
2022-07-31,KH,Cambodia,WPRO,188,136753,0,3056
2022-08-07,KH,Cambodia,WPRO,224,136977,0,3056
2022-08-14,KH,Cambodia,WPRO,230,137207,0,3056
2022-08-21,KH,Cambodia,WPRO,187,137394,0,3056
2022-08-28,KH,Cambodia,WPRO,144,137538,0,3056
2022-09-04,KH,Cambodia,WPRO,112,137650,0,3056
2022-09-11,KH,Cambodia,WPRO,55,137705,0,3056
2022-09-18,KH,Cambodia,WPRO,50,137755,0,3056
2022-09-25,KH,Cambodia,WPRO,78,137833,0,3056
2022-10-02,KH,Cambodia,WPRO,48,137881,0,3056
2022-10-09,KH,Cambodia,WPRO,40,137921,0,3056
2022-10-16,KH,Cambodia,WPRO,42,137963,0,3056
2022-10-23,KH,Cambodia,WPRO,16,137979,0,3056
2022-10-30,KH,Cambodia,WPRO,6,137985,0,3056
2022-11-06,KH,Cambodia,WPRO,11,137996,0,3056
2022-11-13,KH,Cambodia,WPRO,0,137996,0,3056
2022-11-20,KH,Cambodia,WPRO,28,138024,0,3056
2022-11-27,KH,Cambodia,WPRO,35,138059,0,3056
2022-12-04,KH,Cambodia,WPRO,72,138131,0,3056
2022-12-11,KH,Cambodia,WPRO,107,138238,0,3056
2022-12-18,KH,Cambodia,WPRO,141,138379,0,3056
2022-12-25,KH,Cambodia,WPRO,116,138495,0,3056
2023-01-01,KH,Cambodia,WPRO,89,138584,0,3056
2023-01-08,KH,Cambodia,WPRO,38,138622,0,3056
2023-01-15,KH,Cambodia,WPRO,37,138659,0,3056
2023-01-22,KH,Cambodia,WPRO,17,138676,0,3056
2023-01-29,KH,Cambodia,WPRO,9,138685,0,3056
2023-02-05,KH,Cambodia,WPRO,12,138697,0,3056
2023-02-12,KH,Cambodia,WPRO,6,138703,0,3056
2023-02-19,KH,Cambodia,WPRO,3,138706,0,3056
2023-02-26,KH,Cambodia,WPRO,8,138714,0,3056
2023-03-05,KH,Cambodia,WPRO,5,138719,0,3056
2023-03-12,KH,Cambodia,WPRO,0,138719,0,3056
2023-03-19,KH,Cambodia,WPRO,2,138721,0,3056
2023-03-26,KH,Cambodia,WPRO,2,138723,0,3056
2023-04-02,KH,Cambodia,WPRO,2,138725,0,3056
2023-04-09,KH,Cambodia,WPRO,1,138726,0,3056
2023-04-16,KH,Cambodia,WPRO,0,138726,0,3056
2023-04-23,KH,Cambodia,WPRO,5,138731,0,3056
2023-04-30,KH,Cambodia,WPRO,2,138733,0,3056
2023-05-07,KH,Cambodia,WPRO,2,138735,0,3056
2023-05-14,KH,Cambodia,WPRO,1,138736,0,3056
2023-05-21,KH,Cambodia,WPRO,3,138739,0,3056
2023-05-28,KH,Cambodia,WPRO,28,138767,0,3056
2023-06-04,KH,Cambodia,WPRO,36,138803,0,3056
2023-06-11,KH,Cambodia,WPRO,39,138842,0,3056
2023-06-18,KH,Cambodia,WPRO,40,138882,0,3056
2023-06-25,KH,Cambodia,WPRO,13,138895,0,3056
2023-07-02,KH,Cambodia,WPRO,23,138918,0,3056
2023-07-09,KH,Cambodia,WPRO,13,138931,0,3056
2023-07-16,KH,Cambodia,WPRO,4,138935,0,3056
2023-07-23,KH,Cambodia,WPRO,2,138937,0,3056
2023-07-30,KH,Cambodia,WPRO,0,138937,0,3056
2023-08-06,KH,Cambodia,WPRO,3,138940,0,3056
2023-08-13,KH,Cambodia,WPRO,0,138940,0,3056
2023-08-20,KH,Cambodia,WPRO,0,138940,0,3056
2023-08-27,KH,Cambodia,WPRO,0,138940,0,3056
2023-09-03,KH,Cambodia,WPRO,0,138940,0,3056
2023-09-10,KH,Cambodia,WPRO,0,138940,0,3056
2023-09-17,KH,Cambodia,WPRO,1,138941,0,3056
2023-09-24,KH,Cambodia,WPRO,0,138941,0,3056
2023-10-01,KH,Cambodia,WPRO,0,138941,0,3056
2023-10-08,KH,Cambodia,WPRO,0,138941,0,3056
2023-10-15,KH,Cambodia,WPRO,0,138941,0,3056
2023-10-22,KH,Cambodia,WPRO,0,138941,0,3056
2023-10-29,KH,Cambodia,WPRO,2,138943,0,3056
2023-11-05,KH,Cambodia,WPRO,2,138945,0,3056
2023-11-12,KH,Cambodia,WPRO,2,138947,0,3056
2023-11-19,KH,Cambodia,WPRO,3,138950,0,3056
2023-11-26,KH,Cambodia,WPRO,4,138954,0,3056
2023-12-03,KH,Cambodia,WPRO,2,138956,0,3056
2023-12-10,KH,Cambodia,WPRO,7,138963,0,3056
2023-12-17,KH,Cambodia,WPRO,15,138978,0,3056
2023-12-24,KH,Cambodia,WPRO,13,138991,0,3056
2023-12-31,KH,Cambodia,WPRO,23,139014,0,3056
2020-01-05,CM,Cameroon,AFRO,0,0,0,0
2020-01-12,CM,Cameroon,AFRO,0,0,0,0
2020-01-19,CM,Cameroon,AFRO,0,0,0,0
2020-01-26,CM,Cameroon,AFRO,0,0,0,0
2020-02-02,CM,Cameroon,AFRO,0,0,0,0
2020-02-09,CM,Cameroon,AFRO,0,0,0,0
2020-02-16,CM,Cameroon,AFRO,0,0,0,0
2020-02-23,CM,Cameroon,AFRO,0,0,0,0
2020-03-01,CM,Cameroon,AFRO,0,0,0,0
2020-03-08,CM,Cameroon,AFRO,2,2,0,0
2020-03-15,CM,Cameroon,AFRO,1,3,0,0
2020-03-22,CM,Cameroon,AFRO,23,26,0,0
2020-03-29,CM,Cameroon,AFRO,64,90,6,6
2020-04-05,CM,Cameroon,AFRO,465,555,7,13
2020-04-12,CM,Cameroon,AFRO,267,822,2,15
2020-04-19,CM,Cameroon,AFRO,194,1016,30,45
2020-04-26,CM,Cameroon,AFRO,605,1621,13,58
2020-05-03,CM,Cameroon,AFRO,456,2077,8,66
2020-05-10,CM,Cameroon,AFRO,258,2335,46,112
2020-05-17,CM,Cameroon,AFRO,712,3047,30,142
2020-05-24,CM,Cameroon,AFRO,1353,4400,20,162
2020-05-31,CM,Cameroon,AFRO,1504,5904,32,194
2020-06-07,CM,Cameroon,AFRO,2054,7958,21,215
2020-06-14,CM,Cameroon,AFRO,1614,9572,61,276
2020-06-21,CM,Cameroon,AFRO,2170,11742,24,300
2020-06-28,CM,Cameroon,AFRO,1603,13345,25,325
2020-07-05,CM,Cameroon,AFRO,1179,14524,15,340
2020-07-12,CM,Cameroon,AFRO,649,15173,17,357
2020-07-19,CM,Cameroon,AFRO,1349,16522,23,380
2020-07-26,CM,Cameroon,AFRO,186,16708,3,383
2020-08-02,CM,Cameroon,AFRO,547,17255,6,389
2020-08-09,CM,Cameroon,AFRO,958,18213,7,396
2020-08-16,CM,Cameroon,AFRO,369,18582,3,399
2020-08-23,CM,Cameroon,AFRO,180,18762,9,408
2020-08-30,CM,Cameroon,AFRO,380,19142,3,411
2020-09-06,CM,Cameroon,AFRO,462,19604,4,415
2020-09-13,CM,Cameroon,AFRO,624,20228,0,415
2020-09-20,CM,Cameroon,AFRO,370,20598,1,416
2020-09-27,CM,Cameroon,AFRO,240,20838,2,418
2020-10-04,CM,Cameroon,AFRO,299,21137,2,420
2020-10-11,CM,Cameroon,AFRO,196,21333,3,423
2020-10-18,CM,Cameroon,AFRO,210,21543,2,425
2020-10-25,CM,Cameroon,AFRO,250,21793,1,426
2020-11-01,CM,Cameroon,AFRO,296,22089,3,429
2020-11-08,CM,Cameroon,AFRO,291,22380,2,431
2020-11-15,CM,Cameroon,AFRO,470,22850,2,433
2020-11-22,CM,Cameroon,AFRO,992,23842,2,435
2020-11-29,CM,Cameroon,AFRO,603,24445,6,441
2020-12-06,CM,Cameroon,AFRO,307,24752,2,443
2020-12-13,CM,Cameroon,AFRO,590,25342,4,447
2020-12-20,CM,Cameroon,AFRO,507,25849,1,448
2020-12-27,CM,Cameroon,AFRO,428,26277,0,448
2021-01-03,CM,Cameroon,AFRO,571,26848,0,448
2021-01-10,CM,Cameroon,AFRO,488,27336,3,451
2021-01-17,CM,Cameroon,AFRO,674,28010,4,455
2021-01-24,CM,Cameroon,AFRO,1607,29617,7,462
2021-01-31,CM,Cameroon,AFRO,696,30313,12,474
2021-02-07,CM,Cameroon,AFRO,1081,31394,0,474
2021-02-14,CM,Cameroon,AFRO,1287,32681,26,500
2021-02-21,CM,Cameroon,AFRO,1068,33749,23,523
2021-02-28,CM,Cameroon,AFRO,1965,35714,28,551
2021-03-07,CM,Cameroon,AFRO,3274,38988,37,588
2021-03-14,CM,Cameroon,AFRO,0,38988,0,588
2021-03-21,CM,Cameroon,AFRO,8681,47669,133,721
2021-03-28,CM,Cameroon,AFRO,6251,53920,58,779
2021-04-04,CM,Cameroon,AFRO,3417,57337,72,851
2021-04-11,CM,Cameroon,AFRO,4394,61731,68,919
2021-04-18,CM,Cameroon,AFRO,4267,65998,72,991
2021-04-25,CM,Cameroon,AFRO,4609,70607,73,1064
2021-05-02,CM,Cameroon,AFRO,4126,74733,80,1144
2021-05-09,CM,Cameroon,AFRO,213,74946,8,1152
2021-05-16,CM,Cameroon,AFRO,1810,76756,78,1230
2021-05-23,CM,Cameroon,AFRO,1226,77982,40,1270
2021-05-30,CM,Cameroon,AFRO,947,78929,5,1275
2021-06-06,CM,Cameroon,AFRO,975,79904,27,1302
2021-06-13,CM,Cameroon,AFRO,186,80090,8,1310
2021-06-20,CM,Cameroon,AFRO,397,80487,10,1320
2021-06-27,CM,Cameroon,AFRO,371,80858,4,1324
2021-07-04,CM,Cameroon,AFRO,0,80858,0,1324
2021-07-11,CM,Cameroon,AFRO,609,81467,6,1330
2021-07-18,CM,Cameroon,AFRO,404,81871,2,1332
2021-07-25,CM,Cameroon,AFRO,193,82064,2,1334
2021-08-01,CM,Cameroon,AFRO,0,82064,0,1334
2021-08-08,CM,Cameroon,AFRO,390,82454,4,1338
2021-08-15,CM,Cameroon,AFRO,359,82813,4,1342
2021-08-22,CM,Cameroon,AFRO,612,83425,8,1350
2021-08-29,CM,Cameroon,AFRO,785,84210,7,1357
2021-09-05,CM,Cameroon,AFRO,710,84920,7,1364
2021-09-12,CM,Cameroon,AFRO,494,85414,4,1368
2021-09-19,CM,Cameroon,AFRO,2769,88183,43,1411
2021-09-26,CM,Cameroon,AFRO,4120,92303,48,1459
2021-10-03,CM,Cameroon,AFRO,3096,95399,58,1517
2021-10-10,CM,Cameroon,AFRO,3003,98402,33,1550
2021-10-17,CM,Cameroon,AFRO,1887,100289,50,1600
2021-10-24,CM,Cameroon,AFRO,2210,102499,86,1686
2021-10-31,CM,Cameroon,AFRO,1849,104348,45,1731
2021-11-07,CM,Cameroon,AFRO,1371,105719,27,1758
2021-11-14,CM,Cameroon,AFRO,471,106190,12,1770
2021-11-21,CM,Cameroon,AFRO,604,106794,21,1791
2021-11-28,CM,Cameroon,AFRO,354,107148,13,1804
2021-12-05,CM,Cameroon,AFRO,401,107549,19,1823
2021-12-12,CM,Cameroon,AFRO,113,107662,13,1836
2021-12-19,CM,Cameroon,AFRO,364,108026,5,1841
2021-12-26,CM,Cameroon,AFRO,650,108676,10,1851
2022-01-02,CM,Cameroon,AFRO,990,109666,2,1853
2022-01-09,CM,Cameroon,AFRO,1766,111432,4,1857
2022-01-16,CM,Cameroon,AFRO,2681,114113,10,1867
2022-01-23,CM,Cameroon,AFRO,2605,116718,13,1880
2022-01-30,CM,Cameroon,AFRO,958,117676,27,1907
2022-02-06,CM,Cameroon,AFRO,999,118675,8,1915
2022-02-13,CM,Cameroon,AFRO,258,118933,3,1918
2022-02-20,CM,Cameroon,AFRO,174,119107,2,1920
2022-02-27,CM,Cameroon,AFRO,133,119240,3,1923
2022-03-06,CM,Cameroon,AFRO,82,119322,3,1926
2022-03-13,CM,Cameroon,AFRO,92,119414,0,1926
2022-03-20,CM,Cameroon,AFRO,130,119544,1,1927
2022-03-27,CM,Cameroon,AFRO,93,119637,0,1927
2022-04-03,CM,Cameroon,AFRO,88,119725,0,1927
2022-04-10,CM,Cameroon,AFRO,55,119780,0,1927
2022-04-17,CM,Cameroon,AFRO,33,119813,0,1927
2022-04-24,CM,Cameroon,AFRO,37,119850,0,1927
2022-05-01,CM,Cameroon,AFRO,40,119890,2,1929
2022-05-08,CM,Cameroon,AFRO,34,119924,1,1930
2022-05-15,CM,Cameroon,AFRO,23,119947,0,1930
2022-05-22,CM,Cameroon,AFRO,26,119973,0,1930
2022-05-29,CM,Cameroon,AFRO,29,120002,0,1930
2022-06-05,CM,Cameroon,AFRO,26,120028,1,1931
2022-06-12,CM,Cameroon,AFRO,40,120068,0,1931
2022-06-19,CM,Cameroon,AFRO,53,120121,0,1931
2022-06-26,CM,Cameroon,AFRO,33,120154,0,1931
2022-07-03,CM,Cameroon,AFRO,43,120197,0,1931
2022-07-10,CM,Cameroon,AFRO,18,120215,0,1931
2022-07-17,CM,Cameroon,AFRO,52,120267,0,1931
2022-07-24,CM,Cameroon,AFRO,95,120362,1,1932
2022-07-31,CM,Cameroon,AFRO,162,120524,1,1933
2022-08-07,CM,Cameroon,AFRO,443,120967,0,1933
2022-08-14,CM,Cameroon,AFRO,685,121652,2,1935
2022-08-21,CM,Cameroon,AFRO,0,121652,0,1935
2022-08-28,CM,Cameroon,AFRO,1337,122989,14,1949
2022-09-04,CM,Cameroon,AFRO,319,123308,3,1952
2022-09-11,CM,Cameroon,AFRO,172,123480,5,1957
2022-09-18,CM,Cameroon,AFRO,149,123629,3,1960
2022-09-25,CM,Cameroon,AFRO,72,123701,0,1960
2022-10-02,CM,Cameroon,AFRO,84,123785,0,1960
2022-10-09,CM,Cameroon,AFRO,80,123865,4,1964
2022-10-16,CM,Cameroon,AFRO,62,123927,0,1964
2022-10-23,CM,Cameroon,AFRO,66,123993,1,1965
2022-10-30,CM,Cameroon,AFRO,0,123993,0,1965
2022-11-06,CM,Cameroon,AFRO,0,123993,0,1965
2022-11-13,CM,Cameroon,AFRO,0,123993,0,1965
2022-11-20,CM,Cameroon,AFRO,0,123993,0,1965
2022-11-27,CM,Cameroon,AFRO,0,123993,0,1965
2022-12-04,CM,Cameroon,AFRO,0,123993,0,1965
2022-12-11,CM,Cameroon,AFRO,0,123993,0,1965
2022-12-18,CM,Cameroon,AFRO,0,123993,0,1965
2022-12-25,CM,Cameroon,AFRO,0,123993,0,1965
2023-01-01,CM,Cameroon,AFRO,0,123993,0,1965
2023-01-08,CM,Cameroon,AFRO,0,123993,0,1965
2023-01-15,CM,Cameroon,AFRO,0,123993,0,1965
2023-01-22,CM,Cameroon,AFRO,296,124289,0,1965
2023-01-29,CM,Cameroon,AFRO,6,124295,0,1965
2023-02-05,CM,Cameroon,AFRO,14,124309,0,1965
2023-02-12,CM,Cameroon,AFRO,19,124328,0,1965
2023-02-19,CM,Cameroon,AFRO,64,124392,0,1965
2023-02-26,CM,Cameroon,AFRO,93,124485,0,1965
2023-03-05,CM,Cameroon,AFRO,120,124605,1,1966
2023-03-12,CM,Cameroon,AFRO,74,124679,2,1968
2023-03-19,CM,Cameroon,AFRO,62,124741,0,1968
2023-03-26,CM,Cameroon,AFRO,44,124785,1,1969
2023-04-02,CM,Cameroon,AFRO,49,124834,1,1970
2023-04-09,CM,Cameroon,AFRO,49,124883,0,1970
2023-04-16,CM,Cameroon,AFRO,12,124895,1,1971
2023-04-23,CM,Cameroon,AFRO,88,124983,0,1971
2023-04-30,CM,Cameroon,AFRO,28,125011,1,1972
2023-05-07,CM,Cameroon,AFRO,25,125036,0,1972
2023-05-14,CM,Cameroon,AFRO,0,125036,0,1972
2023-05-21,CM,Cameroon,AFRO,22,125058,0,1972
2023-05-28,CM,Cameroon,AFRO,7,125065,0,1972
2023-06-04,CM,Cameroon,AFRO,16,125081,0,1972
2023-06-11,CM,Cameroon,AFRO,9,125090,2,1974
2023-06-18,CM,Cameroon,AFRO,0,125090,0,1974
2023-06-25,CM,Cameroon,AFRO,0,125090,0,1974
2023-07-02,CM,Cameroon,AFRO,0,125090,0,1974
2023-07-09,CM,Cameroon,AFRO,0,125090,0,1974
2023-07-16,CM,Cameroon,AFRO,0,125090,0,1974
2023-07-23,CM,Cameroon,AFRO,0,125090,0,1974
2023-07-30,CM,Cameroon,AFRO,0,125090,0,1974
2023-08-06,CM,Cameroon,AFRO,0,125090,0,1974
2023-08-13,CM,Cameroon,AFRO,0,125090,0,1974
2023-08-20,CM,Cameroon,AFRO,0,125090,0,1974
2023-08-27,CM,Cameroon,AFRO,0,125090,0,1974
2023-09-03,CM,Cameroon,AFRO,0,125090,0,1974
2023-09-10,CM,Cameroon,AFRO,0,125090,0,1974
2023-09-17,CM,Cameroon,AFRO,0,125090,0,1974
2023-09-24,CM,Cameroon,AFRO,0,125090,0,1974
2023-10-01,CM,Cameroon,AFRO,0,125090,0,1974
2023-10-08,CM,Cameroon,AFRO,4,125094,0,1974
2023-10-15,CM,Cameroon,AFRO,12,125106,0,1974
2023-10-22,CM,Cameroon,AFRO,3,125109,0,1974
2023-10-29,CM,Cameroon,AFRO,0,125109,0,1974
2023-11-05,CM,Cameroon,AFRO,8,125117,0,1974
2023-11-12,CM,Cameroon,AFRO,10,125127,0,1974
2023-11-19,CM,Cameroon,AFRO,5,125132,0,1974
2023-11-26,CM,Cameroon,AFRO,3,125135,0,1974
2023-12-03,CM,Cameroon,AFRO,1,125136,0,1974
2023-12-10,CM,Cameroon,AFRO,1,125137,0,1974
2023-12-17,CM,Cameroon,AFRO,0,125137,0,1974
2023-12-24,CM,Cameroon,AFRO,0,125137,0,1974
2023-12-31,CM,Cameroon,AFRO,0,125137,0,1974
2020-01-05,CA,Canada,AMRO,0,0,0,0
2020-01-12,CA,Canada,AMRO,0,0,0,0
2020-01-19,CA,Canada,AMRO,0,0,0,0
2020-01-26,CA,Canada,AMRO,1,1,0,0
2020-02-02,CA,Canada,AMRO,3,4,0,0
2020-02-09,CA,Canada,AMRO,3,7,0,0
2020-02-16,CA,Canada,AMRO,0,7,0,0
2020-02-23,CA,Canada,AMRO,2,9,0,0
2020-03-01,CA,Canada,AMRO,6,15,0,0
2020-03-08,CA,Canada,AMRO,36,51,0,0
2020-03-15,CA,Canada,AMRO,125,176,1,1
2020-03-22,CA,Canada,AMRO,795,971,10,11
2020-03-29,CA,Canada,AMRO,3704,4675,24,35
2020-04-05,CA,Canada,AMRO,7844,12519,152,187
2020-04-12,CA,Canada,AMRO,9614,22133,381,568
2020-04-19,CA,Canada,AMRO,9739,31872,738,1306
2020-04-26,CA,Canada,AMRO,12005,43877,993,2299
2020-05-03,CA,Canada,AMRO,11173,55050,1083,3382
2020-05-10,CA,Canada,AMRO,11372,66422,1174,4556
2020-05-17,CA,Canada,AMRO,8180,74602,990,5546
2020-05-24,CA,Canada,AMRO,7867,82469,686,6232
2020-05-31,CA,Canada,AMRO,6938,89407,727,6959
2020-06-07,CA,Canada,AMRO,4917,94324,724,7683
2020-06-14,CA,Canada,AMRO,3608,97932,338,8021
2020-06-21,CA,Canada,AMRO,2686,100618,297,8318
2020-06-28,CA,Canada,AMRO,2165,102783,157,8475
2020-07-05,CA,Canada,AMRO,2296,105079,152,8627
2020-07-12,CA,Canada,AMRO,2035,107114,96,8723
2020-07-19,CA,Canada,AMRO,2544,109658,79,8802
2020-07-26,CA,Canada,AMRO,3535,113193,42,8844
2020-08-02,CA,Canada,AMRO,3105,116298,53,8897
2020-08-09,CA,Canada,AMRO,2672,118970,35,8932
2020-08-16,CA,Canada,AMRO,2682,121652,50,8982
2020-08-23,CA,Canada,AMRO,2720,124372,44,9026
2020-08-30,CA,Canada,AMRO,2938,127310,49,9075
2020-09-06,CA,Canada,AMRO,3814,131124,29,9104
2020-09-13,CA,Canada,AMRO,4502,135626,22,9126
2020-09-20,CA,Canada,AMRO,6285,141911,41,9167
2020-09-27,CA,Canada,AMRO,8545,150456,50,9217
2020-10-04,CA,Canada,AMRO,12203,162659,153,9370
2020-10-11,CA,Canada,AMRO,15458,178117,175,9545
2020-10-18,CA,Canada,AMRO,15989,194106,136,9681
2020-10-25,CA,Canada,AMRO,17626,211732,163,9844
2020-11-01,CA,Canada,AMRO,20267,231999,216,10060
2020-11-08,CA,Canada,AMRO,23810,255809,320,10380
2020-11-15,CA,Canada,AMRO,31509,287318,391,10771
2020-11-22,CA,Canada,AMRO,33401,320719,500,11271
2020-11-29,CA,Canada,AMRO,38345,359064,551,11822
2020-12-06,CA,Canada,AMRO,43504,402568,596,12418
2020-12-13,CA,Canada,AMRO,46271,448839,748,13166
2020-12-20,CA,Canada,AMRO,46504,495343,781,13947
2020-12-27,CA,Canada,AMRO,43898,539241,787,14734
2021-01-03,CA,Canada,AMRO,49698,588939,898,15632
2021-01-10,CA,Canada,AMRO,55410,644349,958,16590
2021-01-17,CA,Canada,AMRO,51355,695704,1016,17606
2021-01-24,CA,Canada,AMRO,41703,737407,1091,18697
2021-01-31,CA,Canada,AMRO,33386,770793,965,19662
2021-02-07,CA,Canada,AMRO,26963,797756,797,20459
2021-02-14,CA,Canada,AMRO,22550,820306,542,21001
2021-02-21,CA,Canada,AMRO,20280,840586,406,21407
2021-02-28,CA,Canada,AMRO,20961,861547,331,21738
2021-03-07,CA,Canada,AMRO,20207,881754,272,22010
2021-03-14,CA,Canada,AMRO,21462,903216,207,22217
2021-03-21,CA,Canada,AMRO,23846,927062,205,22422
2021-03-28,CA,Canada,AMRO,29593,956655,207,22629
2021-04-04,CA,Canada,AMRO,38181,994836,199,22828
2021-04-11,CA,Canada,AMRO,50441,1045277,209,23037
2021-04-18,CA,Canada,AMRO,60788,1106065,285,23322
2021-04-25,CA,Canada,AMRO,58515,1164580,333,23655
2021-05-02,CA,Canada,AMRO,54838,1219418,339,23994
2021-05-09,CA,Canada,AMRO,53748,1273166,303,24297
2021-05-16,CA,Canada,AMRO,45246,1318412,335,24632
2021-05-23,CA,Canada,AMRO,33709,1352121,290,24922
2021-05-30,CA,Canada,AMRO,22152,1374273,270,25192
2021-06-06,CA,Canada,AMRO,15229,1389502,235,25427
2021-06-13,CA,Canada,AMRO,10215,1399717,205,25632
2021-06-20,CA,Canada,AMRO,7541,1407258,135,25767
2021-06-27,CA,Canada,AMRO,5043,1412301,176,25943
2021-07-04,CA,Canada,AMRO,4015,1416316,138,26081
2021-07-11,CA,Canada,AMRO,3648,1419964,78,26159
2021-07-18,CA,Canada,AMRO,2677,1422641,66,26225
2021-07-25,CA,Canada,AMRO,3070,1425711,49,26274
2021-08-01,CA,Canada,AMRO,4772,1430483,47,26321
2021-08-08,CA,Canada,AMRO,7218,1437701,65,26386
2021-08-15,CA,Canada,AMRO,12150,1449851,42,26428
2021-08-22,CA,Canada,AMRO,16015,1465866,93,26521
2021-08-29,CA,Canada,AMRO,20570,1486436,100,26621
2021-09-05,CA,Canada,AMRO,24776,1511212,115,26736
2021-09-12,CA,Canada,AMRO,26881,1538093,162,26898
2021-09-19,CA,Canada,AMRO,31093,1569186,198,27096
2021-09-26,CA,Canada,AMRO,29621,1598807,248,27344
2021-10-03,CA,Canada,AMRO,30335,1629142,298,27642
2021-10-10,CA,Canada,AMRO,26222,1655364,262,27904
2021-10-17,CA,Canada,AMRO,21482,1676846,282,28186
2021-10-24,CA,Canada,AMRO,19068,1695914,261,28447
2021-10-31,CA,Canada,AMRO,16214,1712128,222,28669
2021-11-07,CA,Canada,AMRO,15555,1727683,178,28847
2021-11-14,CA,Canada,AMRO,17666,1745349,175,29022
2021-11-21,CA,Canada,AMRO,17085,1762434,171,29193
2021-11-28,CA,Canada,AMRO,19737,1782171,137,29330
2021-12-05,CA,Canada,AMRO,20188,1802359,138,29468
2021-12-12,CA,Canada,AMRO,25396,1827755,142,29610
2021-12-19,CA,Canada,AMRO,39945,1867700,132,29742
2021-12-26,CA,Canada,AMRO,94023,1961723,109,29851
2022-01-02,CA,Canada,AMRO,226586,2188309,173,30024
2022-01-09,CA,Canada,AMRO,293833,2482142,339,30363
2022-01-16,CA,Canada,AMRO,238269,2720411,623,30986
2022-01-23,CA,Canada,AMRO,171610,2892021,1015,32001
2022-01-30,CA,Canada,AMRO,124003,3016024,1118,33119
2022-02-06,CA,Canada,AMRO,94313,3110337,980,34099
2022-02-13,CA,Canada,AMRO,70502,3180839,817,34916
2022-02-20,CA,Canada,AMRO,53473,3234312,613,35529
2022-02-27,CA,Canada,AMRO,42675,3276987,465,35994
2022-03-06,CA,Canada,AMRO,40513,3317500,435,36429
2022-03-13,CA,Canada,AMRO,38996,3356496,420,36849
2022-03-20,CA,Canada,AMRO,37339,3393835,301,37150
2022-03-27,CA,Canada,AMRO,42171,3436006,261,37411
2022-04-03,CA,Canada,AMRO,56397,3492403,260,37671
2022-04-10,CA,Canada,AMRO,68656,3561059,306,37977
2022-04-17,CA,Canada,AMRO,66946,3628005,324,38301
2022-04-24,CA,Canada,AMRO,63247,3691252,452,38753
2022-05-01,CA,Canada,AMRO,54519,3745771,477,39230
2022-05-08,CA,Canada,AMRO,41069,3786840,486,39716
2022-05-15,CA,Canada,AMRO,32418,3819258,501,40217
2022-05-22,CA,Canada,AMRO,25055,3844313,447,40664
2022-05-29,CA,Canada,AMRO,18400,3862713,303,40967
2022-06-05,CA,Canada,AMRO,17026,3879739,304,41271
2022-06-12,CA,Canada,AMRO,12670,3892409,77,41348
2022-06-19,CA,Canada,AMRO,23312,3915721,-331,41017
2022-06-26,CA,Canada,AMRO,15463,3931184,143,41160
2022-07-03,CA,Canada,AMRO,17752,3948936,140,41300
2022-07-10,CA,Canada,AMRO,22662,3971598,152,41452
2022-07-17,CA,Canada,AMRO,27557,3999155,174,41626
2022-07-24,CA,Canada,AMRO,32435,4031590,242,41868
2022-07-31,CA,Canada,AMRO,33319,4064909,291,42159
2022-08-07,CA,Canada,AMRO,28849,4093758,263,42422
2022-08-14,CA,Canada,AMRO,25692,4119450,346,42768
2022-08-21,CA,Canada,AMRO,23906,4143356,259,43027
2022-08-28,CA,Canada,AMRO,23082,4166438,300,43327
2022-09-04,CA,Canada,AMRO,21086,4187524,302,43629
2022-09-11,CA,Canada,AMRO,18478,4206002,253,43882
2022-09-18,CA,Canada,AMRO,16726,4222728,227,44109
2022-09-25,CA,Canada,AMRO,17558,4240286,224,44333
2022-10-02,CA,Canada,AMRO,18643,4258929,210,44543
2022-10-09,CA,Canada,AMRO,19634,4278563,231,44774
2022-10-16,CA,Canada,AMRO,20412,4298975,287,45061
2022-10-23,CA,Canada,AMRO,21454,4320429,379,45440
2022-10-30,CA,Canada,AMRO,21359,4341788,380,45820
2022-11-06,CA,Canada,AMRO,20964,4362752,376,46196
2022-11-13,CA,Canada,AMRO,18396,4381148,344,46540
2022-11-20,CA,Canada,AMRO,15289,4396437,304,46844
2022-11-27,CA,Canada,AMRO,14582,4411019,322,47166
2022-12-04,CA,Canada,AMRO,15134,4426153,308,47474
2022-12-11,CA,Canada,AMRO,16209,4442362,285,47759
2022-12-18,CA,Canada,AMRO,16625,4458987,280,48039
2022-12-25,CA,Canada,AMRO,17398,4476385,382,48421
2023-01-01,CA,Canada,AMRO,16395,4492780,350,48771
2023-01-08,CA,Canada,AMRO,16691,4509471,258,49029
2023-01-15,CA,Canada,AMRO,16796,4526267,332,49361
2023-01-22,CA,Canada,AMRO,13674,4539941,302,49663
2023-01-29,CA,Canada,AMRO,11455,4551396,278,49941
2023-02-05,CA,Canada,AMRO,10337,4561733,252,50193
2023-02-12,CA,Canada,AMRO,10333,4572066,226,50419
2023-02-19,CA,Canada,AMRO,10322,4582388,212,50631
2023-02-26,CA,Canada,AMRO,9670,4592058,168,50799
2023-03-05,CA,Canada,AMRO,9161,4601219,165,50964
2023-03-12,CA,Canada,AMRO,8947,4610166,161,51125
2023-03-19,CA,Canada,AMRO,8585,4618751,181,51306
2023-03-26,CA,Canada,AMRO,8346,4627097,151,51457
2023-04-02,CA,Canada,AMRO,7850,4634947,131,51588
2023-04-09,CA,Canada,AMRO,7085,4642032,147,51735
2023-04-16,CA,Canada,AMRO,6293,4648325,146,51881
2023-04-23,CA,Canada,AMRO,6605,4654930,119,52000
2023-04-30,CA,Canada,AMRO,5770,4660700,150,52150
2023-05-07,CA,Canada,AMRO,5230,4665930,141,52291
2023-05-14,CA,Canada,AMRO,4633,4670563,120,52411
2023-05-21,CA,Canada,AMRO,0,4670563,0,52411
2023-05-28,CA,Canada,AMRO,0,4670563,0,52411
2023-06-04,CA,Canada,AMRO,0,4670563,0,52411
2023-06-11,CA,Canada,AMRO,0,4670563,0,52411
2023-06-18,CA,Canada,AMRO,0,4670563,0,52411
2023-06-25,CA,Canada,AMRO,0,4670563,0,52411
2023-07-02,CA,Canada,AMRO,0,4670563,0,52411
2023-07-09,CA,Canada,AMRO,0,4670563,0,52411
2023-07-16,CA,Canada,AMRO,0,4670563,0,52411
2023-07-23,CA,Canada,AMRO,0,4670563,0,52411
2023-07-30,CA,Canada,AMRO,0,4670563,0,52411
2023-08-06,CA,Canada,AMRO,0,4670563,0,52411
2023-08-13,CA,Canada,AMRO,1077,4671640,21,52432
2023-08-20,CA,Canada,AMRO,1603,4673243,20,52452
2023-08-27,CA,Canada,AMRO,2092,4675335,25,52477
2023-09-03,CA,Canada,AMRO,2315,4677650,50,52527
2023-09-10,CA,Canada,AMRO,2673,4680323,59,52586
2023-09-17,CA,Canada,AMRO,3236,4683559,56,52642
2023-09-24,CA,Canada,AMRO,4001,4687560,65,52707
2023-10-01,CA,Canada,AMRO,4752,4692312,77,52784
2023-10-08,CA,Canada,AMRO,4662,4696974,101,52885
2023-10-15,CA,Canada,AMRO,4263,4701237,78,52963
2023-10-22,CA,Canada,AMRO,4861,4706098,94,53057
2023-10-29,CA,Canada,AMRO,4938,4711036,92,53149
2023-11-05,CA,Canada,AMRO,4957,4715993,75,53224
2023-11-12,CA,Canada,AMRO,5076,4721069,85,53309
2023-11-19,CA,Canada,AMRO,5946,4727015,89,53398
2023-11-26,CA,Canada,AMRO,6155,4733170,75,53473
2023-12-03,CA,Canada,AMRO,5624,4738794,69,53542
2023-12-10,CA,Canada,AMRO,5495,4744289,40,53582
2023-12-17,CA,Canada,AMRO,5366,4749655,13,53595
2023-12-24,CA,Canada,AMRO,1113,4750768,0,53595
2023-12-31,CA,Canada,AMRO,0,4750768,0,53595
2020-01-05,KY,Cayman Islands,AMRO,0,0,0,0
2020-01-12,KY,Cayman Islands,AMRO,0,0,0,0
2020-01-19,KY,Cayman Islands,AMRO,0,0,0,0
2020-01-26,KY,Cayman Islands,AMRO,0,0,0,0
2020-02-02,KY,Cayman Islands,AMRO,0,0,0,0
2020-02-09,KY,Cayman Islands,AMRO,0,0,0,0
2020-02-16,KY,Cayman Islands,AMRO,0,0,0,0
2020-02-23,KY,Cayman Islands,AMRO,0,0,0,0
2020-03-01,KY,Cayman Islands,AMRO,0,0,0,0
2020-03-08,KY,Cayman Islands,AMRO,0,0,0,0
2020-03-15,KY,Cayman Islands,AMRO,1,1,1,1
2020-03-22,KY,Cayman Islands,AMRO,2,3,0,1
2020-03-29,KY,Cayman Islands,AMRO,5,8,0,1
2020-04-05,KY,Cayman Islands,AMRO,20,28,0,1
2020-04-12,KY,Cayman Islands,AMRO,17,45,0,1
2020-04-19,KY,Cayman Islands,AMRO,16,61,0,1
2020-04-26,KY,Cayman Islands,AMRO,9,70,0,1
2020-05-03,KY,Cayman Islands,AMRO,4,74,0,1
2020-05-10,KY,Cayman Islands,AMRO,7,81,0,1
2020-05-17,KY,Cayman Islands,AMRO,13,94,0,1
2020-05-24,KY,Cayman Islands,AMRO,35,129,0,1
2020-05-31,KY,Cayman Islands,AMRO,12,141,0,1
2020-06-07,KY,Cayman Islands,AMRO,23,164,0,1
2020-06-14,KY,Cayman Islands,AMRO,23,187,0,1
2020-06-21,KY,Cayman Islands,AMRO,8,195,0,1
2020-06-28,KY,Cayman Islands,AMRO,1,196,0,1
2020-07-05,KY,Cayman Islands,AMRO,5,201,0,1
2020-07-12,KY,Cayman Islands,AMRO,0,201,0,1
2020-07-19,KY,Cayman Islands,AMRO,2,203,0,1
2020-07-26,KY,Cayman Islands,AMRO,0,203,0,1
2020-08-02,KY,Cayman Islands,AMRO,0,203,0,1
2020-08-09,KY,Cayman Islands,AMRO,0,203,0,1
2020-08-16,KY,Cayman Islands,AMRO,0,203,0,1
2020-08-23,KY,Cayman Islands,AMRO,2,205,0,1
2020-08-30,KY,Cayman Islands,AMRO,0,205,0,1
2020-09-06,KY,Cayman Islands,AMRO,0,205,0,1
2020-09-13,KY,Cayman Islands,AMRO,3,208,0,1
2020-09-20,KY,Cayman Islands,AMRO,0,208,0,1
2020-09-27,KY,Cayman Islands,AMRO,2,210,0,1
2020-10-04,KY,Cayman Islands,AMRO,3,213,0,1
2020-10-11,KY,Cayman Islands,AMRO,7,220,0,1
2020-10-18,KY,Cayman Islands,AMRO,13,233,0,1
2020-10-25,KY,Cayman Islands,AMRO,6,239,0,1
2020-11-01,KY,Cayman Islands,AMRO,1,240,0,1
2020-11-08,KY,Cayman Islands,AMRO,10,250,0,1
2020-11-15,KY,Cayman Islands,AMRO,4,254,0,1
2020-11-22,KY,Cayman Islands,AMRO,7,261,1,2
2020-11-29,KY,Cayman Islands,AMRO,13,274,0,2
2020-12-06,KY,Cayman Islands,AMRO,14,288,0,2
2020-12-13,KY,Cayman Islands,AMRO,10,298,0,2
2020-12-20,KY,Cayman Islands,AMRO,13,311,0,2
2020-12-27,KY,Cayman Islands,AMRO,7,318,0,2
2021-01-03,KY,Cayman Islands,AMRO,20,338,0,2
2021-01-10,KY,Cayman Islands,AMRO,21,359,0,2
2021-01-17,KY,Cayman Islands,AMRO,15,374,0,2
2021-01-24,KY,Cayman Islands,AMRO,9,383,0,2
2021-01-31,KY,Cayman Islands,AMRO,7,390,0,2
2021-02-07,KY,Cayman Islands,AMRO,15,405,0,2
2021-02-14,KY,Cayman Islands,AMRO,11,416,0,2
2021-02-21,KY,Cayman Islands,AMRO,12,428,0,2
2021-02-28,KY,Cayman Islands,AMRO,10,438,0,2
2021-03-07,KY,Cayman Islands,AMRO,13,451,0,2
2021-03-14,KY,Cayman Islands,AMRO,17,468,0,2
2021-03-21,KY,Cayman Islands,AMRO,7,475,0,2
2021-03-28,KY,Cayman Islands,AMRO,12,487,0,2
2021-04-04,KY,Cayman Islands,AMRO,14,501,0,2
2021-04-11,KY,Cayman Islands,AMRO,15,516,0,2
2021-04-18,KY,Cayman Islands,AMRO,9,525,0,2
2021-04-25,KY,Cayman Islands,AMRO,9,534,0,2
2021-05-02,KY,Cayman Islands,AMRO,9,543,0,2
2021-05-09,KY,Cayman Islands,AMRO,5,548,0,2
2021-05-16,KY,Cayman Islands,AMRO,17,565,0,2
2021-05-23,KY,Cayman Islands,AMRO,9,574,0,2
2021-05-30,KY,Cayman Islands,AMRO,7,581,0,2
2021-06-06,KY,Cayman Islands,AMRO,6,587,0,2
2021-06-13,KY,Cayman Islands,AMRO,5,592,0,2
2021-06-20,KY,Cayman Islands,AMRO,16,608,0,2
2021-06-27,KY,Cayman Islands,AMRO,1,609,0,2
2021-07-04,KY,Cayman Islands,AMRO,5,614,0,2
2021-07-11,KY,Cayman Islands,AMRO,2,616,0,2
2021-07-18,KY,Cayman Islands,AMRO,6,622,0,2
2021-07-25,KY,Cayman Islands,AMRO,14,636,0,2
2021-08-01,KY,Cayman Islands,AMRO,7,643,0,2
2021-08-08,KY,Cayman Islands,AMRO,3,646,0,2
2021-08-15,KY,Cayman Islands,AMRO,5,651,0,2
2021-08-22,KY,Cayman Islands,AMRO,12,663,0,2
2021-08-29,KY,Cayman Islands,AMRO,17,680,0,2
2021-09-05,KY,Cayman Islands,AMRO,11,691,0,2
2021-09-12,KY,Cayman Islands,AMRO,38,729,0,2
2021-09-19,KY,Cayman Islands,AMRO,45,774,0,2
2021-09-26,KY,Cayman Islands,AMRO,21,795,0,2
2021-10-03,KY,Cayman Islands,AMRO,58,853,0,2
2021-10-10,KY,Cayman Islands,AMRO,86,939,0,2
2021-10-17,KY,Cayman Islands,AMRO,72,1011,0,2
2021-10-24,KY,Cayman Islands,AMRO,185,1196,0,2
2021-10-31,KY,Cayman Islands,AMRO,454,1650,0,2
2021-11-07,KY,Cayman Islands,AMRO,1026,2676,0,2
2021-11-14,KY,Cayman Islands,AMRO,751,3427,0,2
2021-11-21,KY,Cayman Islands,AMRO,2105,5532,2,4
2021-11-28,KY,Cayman Islands,AMRO,1206,6738,0,4
2021-12-05,KY,Cayman Islands,AMRO,791,7529,3,7
2021-12-12,KY,Cayman Islands,AMRO,342,7871,2,9
2021-12-19,KY,Cayman Islands,AMRO,226,8097,0,9
2021-12-26,KY,Cayman Islands,AMRO,289,8386,2,11
2022-01-02,KY,Cayman Islands,AMRO,694,9080,1,12
2022-01-09,KY,Cayman Islands,AMRO,1538,10618,0,12
2022-01-16,KY,Cayman Islands,AMRO,1405,12023,2,14
2022-01-23,KY,Cayman Islands,AMRO,1711,13734,1,15
2022-01-30,KY,Cayman Islands,AMRO,54,13788,0,15
2022-02-06,KY,Cayman Islands,AMRO,2146,15934,1,16
2022-02-13,KY,Cayman Islands,AMRO,1753,17687,0,16
2022-02-20,KY,Cayman Islands,AMRO,1041,18728,1,17
2022-02-27,KY,Cayman Islands,AMRO,645,19373,0,17
2022-03-06,KY,Cayman Islands,AMRO,0,19373,0,17
2022-03-13,KY,Cayman Islands,AMRO,700,20073,4,21
2022-03-20,KY,Cayman Islands,AMRO,263,20336,2,23
2022-03-27,KY,Cayman Islands,AMRO,270,20606,1,24
2022-04-03,KY,Cayman Islands,AMRO,0,20606,1,25
2022-04-10,KY,Cayman Islands,AMRO,515,21121,0,25
2022-04-17,KY,Cayman Islands,AMRO,285,21406,2,27
2022-04-24,KY,Cayman Islands,AMRO,349,21755,0,27
2022-05-01,KY,Cayman Islands,AMRO,468,22223,0,27
2022-05-08,KY,Cayman Islands,AMRO,605,22828,1,28
2022-05-15,KY,Cayman Islands,AMRO,750,23578,0,28
2022-05-22,KY,Cayman Islands,AMRO,899,24477,0,28
2022-05-29,KY,Cayman Islands,AMRO,0,24477,0,28
2022-06-05,KY,Cayman Islands,AMRO,1409,25886,0,28
2022-06-12,KY,Cayman Islands,AMRO,439,26325,0,28
2022-06-19,KY,Cayman Islands,AMRO,472,26797,0,28
2022-06-26,KY,Cayman Islands,AMRO,374,27171,0,28
2022-07-03,KY,Cayman Islands,AMRO,423,27594,1,29
2022-07-10,KY,Cayman Islands,AMRO,372,27966,0,29
2022-07-17,KY,Cayman Islands,AMRO,423,28389,0,29
2022-07-24,KY,Cayman Islands,AMRO,395,28784,0,29
2022-07-31,KY,Cayman Islands,AMRO,325,29109,0,29
2022-08-07,KY,Cayman Islands,AMRO,310,29419,0,29
2022-08-14,KY,Cayman Islands,AMRO,234,29653,0,29
2022-08-21,KY,Cayman Islands,AMRO,254,29907,0,29
2022-08-28,KY,Cayman Islands,AMRO,150,30057,0,29
2022-09-04,KY,Cayman Islands,AMRO,157,30214,0,29
2022-09-11,KY,Cayman Islands,AMRO,166,30380,0,29
2022-09-18,KY,Cayman Islands,AMRO,165,30545,2,31
2022-09-25,KY,Cayman Islands,AMRO,0,30545,0,31
2022-10-02,KY,Cayman Islands,AMRO,116,30661,1,32
2022-10-09,KY,Cayman Islands,AMRO,148,30809,2,34
2022-10-16,KY,Cayman Islands,AMRO,0,30809,0,34
2022-10-23,KY,Cayman Islands,AMRO,117,30926,0,34
2022-10-30,KY,Cayman Islands,AMRO,80,31006,0,34
2022-11-06,KY,Cayman Islands,AMRO,90,31096,1,35
2022-11-13,KY,Cayman Islands,AMRO,98,31194,1,36
2022-11-20,KY,Cayman Islands,AMRO,0,31194,0,36
2022-11-27,KY,Cayman Islands,AMRO,0,31194,0,36
2022-12-04,KY,Cayman Islands,AMRO,165,31359,0,36
2022-12-11,KY,Cayman Islands,AMRO,0,31359,0,36
2022-12-18,KY,Cayman Islands,AMRO,113,31472,1,37
2022-12-25,KY,Cayman Islands,AMRO,0,31472,0,37
2023-01-01,KY,Cayman Islands,AMRO,0,31472,0,37
2023-01-08,KY,Cayman Islands,AMRO,0,31472,0,37
2023-01-15,KY,Cayman Islands,AMRO,0,31472,0,37
2023-01-22,KY,Cayman Islands,AMRO,0,31472,0,37
2023-01-29,KY,Cayman Islands,AMRO,0,31472,0,37
2023-02-05,KY,Cayman Islands,AMRO,0,31472,0,37
2023-02-12,KY,Cayman Islands,AMRO,0,31472,0,37
2023-02-19,KY,Cayman Islands,AMRO,0,31472,0,37
2023-02-26,KY,Cayman Islands,AMRO,0,31472,0,37
2023-03-05,KY,Cayman Islands,AMRO,0,31472,0,37
2023-03-12,KY,Cayman Islands,AMRO,0,31472,0,37
2023-03-19,KY,Cayman Islands,AMRO,0,31472,0,37
2023-03-26,KY,Cayman Islands,AMRO,0,31472,0,37
2023-04-02,KY,Cayman Islands,AMRO,0,31472,0,37
2023-04-09,KY,Cayman Islands,AMRO,0,31472,0,37
2023-04-16,KY,Cayman Islands,AMRO,0,31472,0,37
2023-04-23,KY,Cayman Islands,AMRO,0,31472,0,37
2023-04-30,KY,Cayman Islands,AMRO,0,31472,0,37
2023-05-07,KY,Cayman Islands,AMRO,0,31472,0,37
2023-05-14,KY,Cayman Islands,AMRO,0,31472,0,37
2023-05-21,KY,Cayman Islands,AMRO,0,31472,0,37
2023-05-28,KY,Cayman Islands,AMRO,0,31472,0,37
2023-06-04,KY,Cayman Islands,AMRO,0,31472,0,37
2023-06-11,KY,Cayman Islands,AMRO,0,31472,0,37
2023-06-18,KY,Cayman Islands,AMRO,0,31472,0,37
2023-06-25,KY,Cayman Islands,AMRO,0,31472,0,37
2023-07-02,KY,Cayman Islands,AMRO,0,31472,0,37
2023-07-09,KY,Cayman Islands,AMRO,0,31472,0,37
2023-07-16,KY,Cayman Islands,AMRO,0,31472,0,37
2023-07-23,KY,Cayman Islands,AMRO,0,31472,0,37
2023-07-30,KY,Cayman Islands,AMRO,0,31472,0,37
2023-08-06,KY,Cayman Islands,AMRO,0,31472,0,37
2023-08-13,KY,Cayman Islands,AMRO,0,31472,0,37
2023-08-20,KY,Cayman Islands,AMRO,0,31472,0,37
2023-08-27,KY,Cayman Islands,AMRO,0,31472,0,37
2023-09-03,KY,Cayman Islands,AMRO,0,31472,0,37
2023-09-10,KY,Cayman Islands,AMRO,0,31472,0,37
2023-09-17,KY,Cayman Islands,AMRO,0,31472,0,37
2023-09-24,KY,Cayman Islands,AMRO,0,31472,0,37
2023-10-01,KY,Cayman Islands,AMRO,0,31472,0,37
2023-10-08,KY,Cayman Islands,AMRO,0,31472,0,37
2023-10-15,KY,Cayman Islands,AMRO,0,31472,0,37
2023-10-22,KY,Cayman Islands,AMRO,0,31472,0,37
2023-10-29,KY,Cayman Islands,AMRO,0,31472,0,37
2023-11-05,KY,Cayman Islands,AMRO,0,31472,0,37
2023-11-12,KY,Cayman Islands,AMRO,0,31472,0,37
2023-11-19,KY,Cayman Islands,AMRO,0,31472,0,37
2023-11-26,KY,Cayman Islands,AMRO,0,31472,0,37
2023-12-03,KY,Cayman Islands,AMRO,0,31472,0,37
2023-12-10,KY,Cayman Islands,AMRO,0,31472,0,37
2023-12-17,KY,Cayman Islands,AMRO,0,31472,0,37
2023-12-24,KY,Cayman Islands,AMRO,0,31472,0,37
2023-12-31,KY,Cayman Islands,AMRO,0,31472,0,37
2020-01-05,CF,Central African Republic,AFRO,0,0,0,0
2020-01-12,CF,Central African Republic,AFRO,0,0,0,0
2020-01-19,CF,Central African Republic,AFRO,0,0,0,0
2020-01-26,CF,Central African Republic,AFRO,0,0,0,0
2020-02-02,CF,Central African Republic,AFRO,0,0,0,0
2020-02-09,CF,Central African Republic,AFRO,0,0,0,0
2020-02-16,CF,Central African Republic,AFRO,0,0,0,0
2020-02-23,CF,Central African Republic,AFRO,0,0,0,0
2020-03-01,CF,Central African Republic,AFRO,0,0,0,0
2020-03-08,CF,Central African Republic,AFRO,0,0,0,0
2020-03-15,CF,Central African Republic,AFRO,3,3,0,0
2020-03-22,CF,Central African Republic,AFRO,4,7,0,0
2020-03-29,CF,Central African Republic,AFRO,6,13,0,0
2020-04-05,CF,Central African Republic,AFRO,5,18,0,0
2020-04-12,CF,Central African Republic,AFRO,2,20,0,0
2020-04-19,CF,Central African Republic,AFRO,1,21,0,0
2020-04-26,CF,Central African Republic,AFRO,9,30,0,0
2020-05-03,CF,Central African Republic,AFRO,58,88,0,0
2020-05-10,CF,Central African Republic,AFRO,82,170,0,0
2020-05-17,CF,Central African Republic,AFRO,197,367,0,0
2020-05-24,CF,Central African Republic,AFRO,237,604,1,1
2020-05-31,CF,Central African Republic,AFRO,448,1052,1,2
2020-06-07,CF,Central African Republic,AFRO,690,1742,3,5
2020-06-14,CF,Central African Republic,AFRO,715,2457,2,7
2020-06-21,CF,Central African Republic,AFRO,707,3164,16,23
2020-06-28,CF,Central African Republic,AFRO,872,4036,22,45
2020-07-05,CF,Central African Republic,AFRO,609,4645,6,51
2020-07-12,CF,Central African Republic,AFRO,346,4991,2,53
2020-07-19,CF,Central African Republic,AFRO,229,5220,2,55
2020-07-26,CF,Central African Republic,AFRO,141,5361,4,59
2020-08-02,CF,Central African Republic,AFRO,24,5385,0,59
2020-08-09,CF,Central African Republic,AFRO,50,5435,2,61
2020-08-16,CF,Central African Republic,AFRO,38,5473,0,61
2020-08-23,CF,Central African Republic,AFRO,26,5499,0,61
2020-08-30,CF,Central African Republic,AFRO,17,5516,0,61
2020-09-06,CF,Central African Republic,AFRO,35,5551,1,62
2020-09-13,CF,Central African Republic,AFRO,54,5605,0,62
2020-09-20,CF,Central African Republic,AFRO,32,5637,0,62
2020-09-27,CF,Central African Republic,AFRO,8,5645,0,62
2020-10-04,CF,Central African Republic,AFRO,44,5689,0,62
2020-10-11,CF,Central African Republic,AFRO,3,5692,0,62
2020-10-18,CF,Central African Republic,AFRO,5,5697,0,62
2020-10-25,CF,Central African Republic,AFRO,6,5703,0,62
2020-11-01,CF,Central African Republic,AFRO,11,5714,0,62
2020-11-08,CF,Central African Republic,AFRO,10,5724,0,62
2020-11-15,CF,Central African Republic,AFRO,19,5743,1,63
2020-11-22,CF,Central African Republic,AFRO,8,5751,0,63
2020-11-29,CF,Central African Republic,AFRO,8,5759,0,63
2020-12-06,CF,Central African Republic,AFRO,15,5774,0,63
2020-12-13,CF,Central African Republic,AFRO,10,5784,0,63
2020-12-20,CF,Central African Republic,AFRO,12,5796,0,63
2020-12-27,CF,Central African Republic,AFRO,18,5814,0,63
2021-01-03,CF,Central African Republic,AFRO,30,5844,0,63
2021-01-10,CF,Central African Republic,AFRO,0,5844,0,63
2021-01-17,CF,Central African Republic,AFRO,2,5846,0,63
2021-01-24,CF,Central African Republic,AFRO,15,5861,0,63
2021-01-31,CF,Central African Republic,AFRO,3,5864,0,63
2021-02-07,CF,Central African Republic,AFRO,13,5877,0,63
2021-02-14,CF,Central African Republic,AFRO,1,5878,0,63
2021-02-21,CF,Central African Republic,AFRO,12,5890,0,63
2021-02-28,CF,Central African Republic,AFRO,8,5898,0,63
2021-03-07,CF,Central African Republic,AFRO,35,5933,0,63
2021-03-14,CF,Central African Republic,AFRO,65,5998,1,64
2021-03-21,CF,Central African Republic,AFRO,107,6105,2,66
2021-03-28,CF,Central African Republic,AFRO,180,6285,6,72
2021-04-04,CF,Central African Republic,AFRO,295,6580,1,73
2021-04-11,CF,Central African Republic,AFRO,487,7067,2,75
2021-04-18,CF,Central African Republic,AFRO,1227,8294,4,79
2021-04-25,CF,Central African Republic,AFRO,874,9168,8,87
2021-05-02,CF,Central African Republic,AFRO,702,9870,4,91
2021-05-09,CF,Central African Republic,AFRO,511,10381,4,95
2021-05-16,CF,Central African Republic,AFRO,335,10716,1,96
2021-05-23,CF,Central African Republic,AFRO,164,10880,1,97
2021-05-30,CF,Central African Republic,AFRO,46,10926,1,98
2021-06-06,CF,Central African Republic,AFRO,58,10984,0,98
2021-06-13,CF,Central African Republic,AFRO,44,11028,0,98
2021-06-20,CF,Central African Republic,AFRO,14,11042,0,98
2021-06-27,CF,Central African Republic,AFRO,16,11058,0,98
2021-07-04,CF,Central African Republic,AFRO,7,11065,0,98
2021-07-11,CF,Central African Republic,AFRO,10,11075,0,98
2021-07-18,CF,Central African Republic,AFRO,27,11102,0,98
2021-07-25,CF,Central African Republic,AFRO,43,11145,0,98
2021-08-01,CF,Central African Republic,AFRO,28,11173,0,98
2021-08-08,CF,Central African Republic,AFRO,53,11226,1,99
2021-08-15,CF,Central African Republic,AFRO,36,11262,0,99
2021-08-22,CF,Central African Republic,AFRO,9,11271,0,99
2021-08-29,CF,Central African Republic,AFRO,35,11306,1,100
2021-09-05,CF,Central African Republic,AFRO,3,11309,0,100
2021-09-12,CF,Central African Republic,AFRO,22,11331,0,100
2021-09-19,CF,Central African Republic,AFRO,28,11359,0,100
2021-09-26,CF,Central African Republic,AFRO,16,11375,0,100
2021-10-03,CF,Central African Republic,AFRO,26,11401,0,100
2021-10-10,CF,Central African Republic,AFRO,67,11468,0,100
2021-10-17,CF,Central African Republic,AFRO,20,11488,0,100
2021-10-24,CF,Central African Republic,AFRO,49,11537,0,100
2021-10-31,CF,Central African Republic,AFRO,55,11592,0,100
2021-11-07,CF,Central African Republic,AFRO,31,11623,0,100
2021-11-14,CF,Central African Republic,AFRO,43,11666,1,101
2021-11-21,CF,Central African Republic,AFRO,42,11708,0,101
2021-11-28,CF,Central African Republic,AFRO,34,11742,0,101
2021-12-05,CF,Central African Republic,AFRO,129,11871,0,101
2021-12-12,CF,Central African Republic,AFRO,90,11961,0,101
2021-12-19,CF,Central African Republic,AFRO,202,12163,0,101
2021-12-26,CF,Central African Republic,AFRO,105,12268,0,101
2022-01-02,CF,Central African Republic,AFRO,248,12516,5,106
2022-01-09,CF,Central African Republic,AFRO,803,13319,2,108
2022-01-16,CF,Central African Republic,AFRO,435,13754,1,109
2022-01-23,CF,Central African Republic,AFRO,144,13898,1,110
2022-01-30,CF,Central African Republic,AFRO,125,14023,0,110
2022-02-06,CF,Central African Republic,AFRO,131,14154,1,111
2022-02-13,CF,Central African Republic,AFRO,53,14207,2,113
2022-02-20,CF,Central African Republic,AFRO,18,14225,0,113
2022-02-27,CF,Central African Republic,AFRO,95,14320,0,113
2022-03-06,CF,Central African Republic,AFRO,6,14326,0,113
2022-03-13,CF,Central African Republic,AFRO,8,14334,0,113
2022-03-20,CF,Central African Republic,AFRO,5,14339,0,113
2022-03-27,CF,Central African Republic,AFRO,12,14351,0,113
2022-04-03,CF,Central African Republic,AFRO,1,14352,0,113
2022-04-10,CF,Central African Republic,AFRO,2,14354,0,113
2022-04-17,CF,Central African Republic,AFRO,0,14354,0,113
2022-04-24,CF,Central African Republic,AFRO,0,14354,0,113
2022-05-01,CF,Central African Republic,AFRO,4,14358,0,113
2022-05-08,CF,Central African Republic,AFRO,0,14358,0,113
2022-05-15,CF,Central African Republic,AFRO,11,14369,0,113
2022-05-22,CF,Central African Republic,AFRO,2,14371,0,113
2022-05-29,CF,Central African Republic,AFRO,0,14371,0,113
2022-06-05,CF,Central African Republic,AFRO,0,14371,0,113
2022-06-12,CF,Central African Republic,AFRO,0,14371,0,113
2022-06-19,CF,Central African Republic,AFRO,215,14586,0,113
2022-06-26,CF,Central African Republic,AFRO,76,14662,0,113
2022-07-03,CF,Central African Republic,AFRO,38,14700,0,113
2022-07-10,CF,Central African Republic,AFRO,33,14733,0,113
2022-07-17,CF,Central African Republic,AFRO,16,14749,0,113
2022-07-24,CF,Central African Republic,AFRO,21,14770,0,113
2022-07-31,CF,Central African Republic,AFRO,11,14781,0,113
2022-08-07,CF,Central African Republic,AFRO,21,14802,0,113
2022-08-14,CF,Central African Republic,AFRO,33,14835,0,113
2022-08-21,CF,Central African Republic,AFRO,35,14870,0,113
2022-08-28,CF,Central African Republic,AFRO,12,14882,0,113
2022-09-04,CF,Central African Republic,AFRO,6,14888,0,113
2022-09-11,CF,Central African Republic,AFRO,21,14909,0,113
2022-09-18,CF,Central African Republic,AFRO,3,14912,0,113
2022-09-25,CF,Central African Republic,AFRO,23,14935,0,113
2022-10-02,CF,Central African Republic,AFRO,21,14956,0,113
2022-10-09,CF,Central African Republic,AFRO,124,15080,0,113
2022-10-16,CF,Central African Republic,AFRO,96,15176,0,113
2022-10-23,CF,Central African Republic,AFRO,83,15259,0,113
2022-10-30,CF,Central African Republic,AFRO,32,15291,0,113
2022-11-06,CF,Central African Republic,AFRO,5,15296,0,113
2022-11-13,CF,Central African Republic,AFRO,22,15318,0,113
2022-11-20,CF,Central African Republic,AFRO,6,15324,0,113
2022-11-27,CF,Central African Republic,AFRO,4,15328,0,113
2022-12-04,CF,Central African Republic,AFRO,2,15330,0,113
2022-12-11,CF,Central African Republic,AFRO,15,15345,0,113
2022-12-18,CF,Central African Republic,AFRO,11,15356,0,113
2022-12-25,CF,Central African Republic,AFRO,4,15360,0,113
2023-01-01,CF,Central African Republic,AFRO,0,15360,0,113
2023-01-08,CF,Central African Republic,AFRO,4,15364,0,113
2023-01-15,CF,Central African Republic,AFRO,2,15366,0,113
2023-01-22,CF,Central African Republic,AFRO,1,15367,0,113
2023-01-29,CF,Central African Republic,AFRO,0,15367,0,113
2023-02-05,CF,Central African Republic,AFRO,0,15367,0,113
2023-02-12,CF,Central African Republic,AFRO,0,15367,0,113
2023-02-19,CF,Central African Republic,AFRO,0,15367,0,113
2023-02-26,CF,Central African Republic,AFRO,0,15367,0,113
2023-03-05,CF,Central African Republic,AFRO,0,15367,0,113
2023-03-12,CF,Central African Republic,AFRO,0,15367,0,113
2023-03-19,CF,Central African Republic,AFRO,0,15367,0,113
2023-03-26,CF,Central African Republic,AFRO,0,15367,0,113
2023-04-02,CF,Central African Republic,AFRO,0,15367,0,113
2023-04-09,CF,Central African Republic,AFRO,0,15367,0,113
2023-04-16,CF,Central African Republic,AFRO,0,15367,0,113
2023-04-23,CF,Central African Republic,AFRO,0,15367,0,113
2023-04-30,CF,Central African Republic,AFRO,0,15367,0,113
2023-05-07,CF,Central African Republic,AFRO,0,15367,0,113
2023-05-14,CF,Central African Republic,AFRO,0,15367,0,113
2023-05-21,CF,Central African Republic,AFRO,0,15367,0,113
2023-05-28,CF,Central African Republic,AFRO,0,15367,0,113
2023-06-04,CF,Central African Republic,AFRO,0,15367,0,113
2023-06-11,CF,Central African Republic,AFRO,0,15367,0,113
2023-06-18,CF,Central African Republic,AFRO,0,15367,0,113
2023-06-25,CF,Central African Republic,AFRO,0,15367,0,113
2023-07-02,CF,Central African Republic,AFRO,0,15367,0,113
2023-07-09,CF,Central African Republic,AFRO,0,15367,0,113
2023-07-16,CF,Central African Republic,AFRO,0,15367,0,113
2023-07-23,CF,Central African Republic,AFRO,0,15367,0,113
2023-07-30,CF,Central African Republic,AFRO,0,15367,0,113
2023-08-06,CF,Central African Republic,AFRO,0,15367,0,113
2023-08-13,CF,Central African Republic,AFRO,0,15367,0,113
2023-08-20,CF,Central African Republic,AFRO,0,15367,0,113
2023-08-27,CF,Central African Republic,AFRO,0,15367,0,113
2023-09-03,CF,Central African Republic,AFRO,0,15367,0,113
2023-09-10,CF,Central African Republic,AFRO,0,15367,0,113
2023-09-17,CF,Central African Republic,AFRO,0,15367,0,113
2023-09-24,CF,Central African Republic,AFRO,0,15367,0,113
2023-10-01,CF,Central African Republic,AFRO,0,15367,0,113
2023-10-08,CF,Central African Republic,AFRO,0,15367,0,113
2023-10-15,CF,Central African Republic,AFRO,0,15367,0,113
2023-10-22,CF,Central African Republic,AFRO,0,15367,0,113
2023-10-29,CF,Central African Republic,AFRO,0,15367,0,113
2023-11-05,CF,Central African Republic,AFRO,0,15367,0,113
2023-11-12,CF,Central African Republic,AFRO,0,15367,0,113
2023-11-19,CF,Central African Republic,AFRO,0,15367,0,113
2023-11-26,CF,Central African Republic,AFRO,43,15410,0,113
2023-12-03,CF,Central African Republic,AFRO,30,15440,0,113
2023-12-10,CF,Central African Republic,AFRO,0,15440,0,113
2023-12-17,CF,Central African Republic,AFRO,0,15440,0,113
2023-12-24,CF,Central African Republic,AFRO,0,15440,0,113
2023-12-31,CF,Central African Republic,AFRO,0,15440,0,113
2020-01-05,TD,Chad,AFRO,0,0,0,0
2020-01-12,TD,Chad,AFRO,0,0,0,0
2020-01-19,TD,Chad,AFRO,0,0,0,0
2020-01-26,TD,Chad,AFRO,0,0,0,0
2020-02-02,TD,Chad,AFRO,0,0,0,0
2020-02-09,TD,Chad,AFRO,0,0,0,0
2020-02-16,TD,Chad,AFRO,0,0,0,0
2020-02-23,TD,Chad,AFRO,0,0,0,0
2020-03-01,TD,Chad,AFRO,0,0,0,0
2020-03-08,TD,Chad,AFRO,0,0,0,0
2020-03-15,TD,Chad,AFRO,0,0,0,0
2020-03-22,TD,Chad,AFRO,1,1,0,0
2020-03-29,TD,Chad,AFRO,4,5,0,0
2020-04-05,TD,Chad,AFRO,4,9,0,0
2020-04-12,TD,Chad,AFRO,9,18,0,0
2020-04-19,TD,Chad,AFRO,15,33,0,0
2020-04-26,TD,Chad,AFRO,13,46,0,0
2020-05-03,TD,Chad,AFRO,71,117,20,20
2020-05-10,TD,Chad,AFRO,205,322,21,41
2020-05-17,TD,Chad,AFRO,181,503,14,55
2020-05-24,TD,Chad,AFRO,172,675,7,62
2020-05-31,TD,Chad,AFRO,103,778,5,67
2020-06-07,TD,Chad,AFRO,59,837,4,71
2020-06-14,TD,Chad,AFRO,11,848,3,74
2020-06-21,TD,Chad,AFRO,10,858,2,76
2020-06-28,TD,Chad,AFRO,7,865,0,76
2020-07-05,TD,Chad,AFRO,6,871,0,76
2020-07-12,TD,Chad,AFRO,3,874,0,76
2020-07-19,TD,Chad,AFRO,15,889,1,77
2020-07-26,TD,Chad,AFRO,26,915,0,77
2020-08-02,TD,Chad,AFRO,21,936,0,77
2020-08-09,TD,Chad,AFRO,6,942,1,78
2020-08-16,TD,Chad,AFRO,10,952,0,78
2020-08-23,TD,Chad,AFRO,30,982,0,78
2020-08-30,TD,Chad,AFRO,26,1008,1,79
2020-09-06,TD,Chad,AFRO,26,1034,0,79
2020-09-13,TD,Chad,AFRO,49,1083,3,82
2020-09-20,TD,Chad,AFRO,66,1149,1,83
2020-09-27,TD,Chad,AFRO,28,1177,2,85
2020-10-04,TD,Chad,AFRO,37,1214,2,87
2020-10-11,TD,Chad,AFRO,77,1291,6,93
2020-10-18,TD,Chad,AFRO,74,1365,1,94
2020-10-25,TD,Chad,AFRO,69,1434,3,97
2020-11-01,TD,Chad,AFRO,64,1498,2,99
2020-11-08,TD,Chad,AFRO,45,1543,1,100
2020-11-15,TD,Chad,AFRO,48,1591,1,101
2020-11-22,TD,Chad,AFRO,42,1633,1,102
2020-11-29,TD,Chad,AFRO,30,1663,0,102
2020-12-06,TD,Chad,AFRO,59,1722,1,103
2020-12-13,TD,Chad,AFRO,29,1751,0,103
2020-12-20,TD,Chad,AFRO,116,1867,0,103
2020-12-27,TD,Chad,AFRO,119,1986,1,104
2021-01-03,TD,Chad,AFRO,183,2169,1,105
2021-01-10,TD,Chad,AFRO,341,2510,3,108
2021-01-17,TD,Chad,AFRO,345,2855,4,112
2021-01-24,TD,Chad,AFRO,282,3137,4,116
2021-01-31,TD,Chad,AFRO,210,3347,3,119
2021-02-07,TD,Chad,AFRO,126,3473,7,126
2021-02-14,TD,Chad,AFRO,149,3622,2,128
2021-02-21,TD,Chad,AFRO,172,3794,5,133
2021-02-28,TD,Chad,AFRO,179,3973,7,140
2021-03-07,TD,Chad,AFRO,188,4161,0,140
2021-03-14,TD,Chad,AFRO,127,4288,13,153
2021-03-21,TD,Chad,AFRO,122,4410,4,157
2021-03-28,TD,Chad,AFRO,91,4501,3,160
2021-04-04,TD,Chad,AFRO,88,4589,4,164
2021-04-11,TD,Chad,AFRO,36,4625,3,167
2021-04-18,TD,Chad,AFRO,66,4691,1,168
2021-04-25,TD,Chad,AFRO,61,4752,1,169
2021-05-02,TD,Chad,AFRO,72,4824,1,170
2021-05-09,TD,Chad,AFRO,50,4874,1,171
2021-05-16,TD,Chad,AFRO,27,4901,2,173
2021-05-23,TD,Chad,AFRO,22,4923,0,173
2021-05-30,TD,Chad,AFRO,5,4928,0,173
2021-06-06,TD,Chad,AFRO,11,4939,1,174
2021-06-13,TD,Chad,AFRO,3,4942,0,174
2021-06-20,TD,Chad,AFRO,4,4946,0,174
2021-06-27,TD,Chad,AFRO,5,4951,0,174
2021-07-04,TD,Chad,AFRO,0,4951,0,174
2021-07-11,TD,Chad,AFRO,3,4954,0,174
2021-07-18,TD,Chad,AFRO,10,4964,0,174
2021-07-25,TD,Chad,AFRO,5,4969,0,174
2021-08-01,TD,Chad,AFRO,4,4973,0,174
2021-08-08,TD,Chad,AFRO,4,4977,0,174
2021-08-15,TD,Chad,AFRO,5,4982,0,174
2021-08-22,TD,Chad,AFRO,3,4985,0,174
2021-08-29,TD,Chad,AFRO,5,4990,0,174
2021-09-05,TD,Chad,AFRO,5,4995,0,174
2021-09-12,TD,Chad,AFRO,19,5014,0,174
2021-09-19,TD,Chad,AFRO,12,5026,0,174
2021-09-26,TD,Chad,AFRO,5,5031,0,174
2021-10-03,TD,Chad,AFRO,11,5042,0,174
2021-10-10,TD,Chad,AFRO,17,5059,0,174
2021-10-17,TD,Chad,AFRO,8,5067,0,174
2021-10-24,TD,Chad,AFRO,0,5067,0,174
2021-10-31,TD,Chad,AFRO,0,5067,0,174
2021-11-07,TD,Chad,AFRO,38,5105,1,175
2021-11-14,TD,Chad,AFRO,0,5105,0,175
2021-11-21,TD,Chad,AFRO,0,5105,0,175
2021-11-28,TD,Chad,AFRO,0,5105,0,175
2021-12-05,TD,Chad,AFRO,596,5701,6,181
2021-12-12,TD,Chad,AFRO,0,5701,0,181
2021-12-19,TD,Chad,AFRO,0,5701,0,181
2021-12-26,TD,Chad,AFRO,0,5701,0,181
2022-01-02,TD,Chad,AFRO,482,6183,3,184
2022-01-09,TD,Chad,AFRO,0,6183,0,184
2022-01-16,TD,Chad,AFRO,373,6556,1,185
2022-01-23,TD,Chad,AFRO,331,6887,0,185
2022-01-30,TD,Chad,AFRO,186,7073,5,190
2022-02-06,TD,Chad,AFRO,82,7155,0,190
2022-02-13,TD,Chad,AFRO,59,7214,0,190
2022-02-20,TD,Chad,AFRO,0,7214,0,190
2022-02-27,TD,Chad,AFRO,32,7246,0,190
2022-03-06,TD,Chad,AFRO,9,7255,0,190
2022-03-13,TD,Chad,AFRO,3,7258,0,190
2022-03-20,TD,Chad,AFRO,9,7267,0,190
2022-03-27,TD,Chad,AFRO,19,7286,0,190
2022-04-03,TD,Chad,AFRO,22,7308,1,191
2022-04-10,TD,Chad,AFRO,39,7347,1,192
2022-04-17,TD,Chad,AFRO,31,7378,0,192
2022-04-24,TD,Chad,AFRO,18,7396,1,193
2022-05-01,TD,Chad,AFRO,15,7411,0,193
2022-05-08,TD,Chad,AFRO,1,7412,0,193
2022-05-15,TD,Chad,AFRO,2,7414,0,193
2022-05-22,TD,Chad,AFRO,1,7415,0,193
2022-05-29,TD,Chad,AFRO,2,7417,0,193
2022-06-05,TD,Chad,AFRO,0,7417,0,193
2022-06-12,TD,Chad,AFRO,1,7418,0,193
2022-06-19,TD,Chad,AFRO,2,7420,0,193
2022-06-26,TD,Chad,AFRO,4,7424,0,193
2022-07-03,TD,Chad,AFRO,1,7425,0,193
2022-07-10,TD,Chad,AFRO,1,7426,0,193
2022-07-17,TD,Chad,AFRO,1,7427,0,193
2022-07-24,TD,Chad,AFRO,3,7430,0,193
2022-07-31,TD,Chad,AFRO,2,7432,0,193
2022-08-07,TD,Chad,AFRO,5,7437,0,193
2022-08-14,TD,Chad,AFRO,5,7442,0,193
2022-08-21,TD,Chad,AFRO,14,7456,0,193
2022-08-28,TD,Chad,AFRO,33,7489,0,193
2022-09-04,TD,Chad,AFRO,47,7536,0,193
2022-09-11,TD,Chad,AFRO,11,7547,0,193
2022-09-18,TD,Chad,AFRO,11,7558,0,193
2022-09-25,TD,Chad,AFRO,13,7571,0,193
2022-10-02,TD,Chad,AFRO,10,7581,0,193
2022-10-09,TD,Chad,AFRO,9,7590,0,193
2022-10-16,TD,Chad,AFRO,15,7605,0,193
2022-10-23,TD,Chad,AFRO,8,7613,0,193
2022-10-30,TD,Chad,AFRO,7,7620,1,194
2022-11-06,TD,Chad,AFRO,7,7627,0,194
2022-11-13,TD,Chad,AFRO,4,7631,0,194
2022-11-20,TD,Chad,AFRO,6,7637,0,194
2022-11-27,TD,Chad,AFRO,4,7641,0,194
2022-12-04,TD,Chad,AFRO,5,7646,0,194
2022-12-11,TD,Chad,AFRO,1,7647,0,194
2022-12-18,TD,Chad,AFRO,1,7648,0,194
2022-12-25,TD,Chad,AFRO,1,7649,0,194
2023-01-01,TD,Chad,AFRO,1,7650,0,194
2023-01-08,TD,Chad,AFRO,1,7651,0,194
2023-01-15,TD,Chad,AFRO,0,7651,0,194
2023-01-22,TD,Chad,AFRO,0,7651,0,194
2023-01-29,TD,Chad,AFRO,1,7652,0,194
2023-02-05,TD,Chad,AFRO,0,7652,0,194
2023-02-12,TD,Chad,AFRO,0,7652,0,194
2023-02-19,TD,Chad,AFRO,9,7661,0,194
2023-02-26,TD,Chad,AFRO,14,7675,0,194
2023-03-05,TD,Chad,AFRO,3,7678,0,194
2023-03-12,TD,Chad,AFRO,1,7679,0,194
2023-03-19,TD,Chad,AFRO,3,7682,0,194
2023-03-26,TD,Chad,AFRO,3,7685,0,194
2023-04-02,TD,Chad,AFRO,3,7688,0,194
2023-04-09,TD,Chad,AFRO,7,7695,0,194
2023-04-16,TD,Chad,AFRO,1,7696,0,194
2023-04-23,TD,Chad,AFRO,1,7697,0,194
2023-04-30,TD,Chad,AFRO,1,7698,0,194
2023-05-07,TD,Chad,AFRO,0,7698,0,194
2023-05-14,TD,Chad,AFRO,0,7698,0,194
2023-05-21,TD,Chad,AFRO,0,7698,0,194
2023-05-28,TD,Chad,AFRO,0,7698,0,194
2023-06-04,TD,Chad,AFRO,0,7698,0,194
2023-06-11,TD,Chad,AFRO,0,7698,0,194
2023-06-18,TD,Chad,AFRO,0,7698,0,194
2023-06-25,TD,Chad,AFRO,0,7698,0,194
2023-07-02,TD,Chad,AFRO,0,7698,0,194
2023-07-09,TD,Chad,AFRO,0,7698,0,194
2023-07-16,TD,Chad,AFRO,0,7698,0,194
2023-07-23,TD,Chad,AFRO,0,7698,0,194
2023-07-30,TD,Chad,AFRO,0,7698,0,194
2023-08-06,TD,Chad,AFRO,0,7698,0,194
2023-08-13,TD,Chad,AFRO,0,7698,0,194
2023-08-20,TD,Chad,AFRO,0,7698,0,194
2023-08-27,TD,Chad,AFRO,0,7698,0,194
2023-09-03,TD,Chad,AFRO,0,7698,0,194
2023-09-10,TD,Chad,AFRO,0,7698,0,194
2023-09-17,TD,Chad,AFRO,0,7698,0,194
2023-09-24,TD,Chad,AFRO,0,7698,0,194
2023-10-01,TD,Chad,AFRO,0,7698,0,194
2023-10-08,TD,Chad,AFRO,0,7698,0,194
2023-10-15,TD,Chad,AFRO,0,7698,0,194
2023-10-22,TD,Chad,AFRO,0,7698,0,194
2023-10-29,TD,Chad,AFRO,0,7698,0,194
2023-11-05,TD,Chad,AFRO,0,7698,0,194
2023-11-12,TD,Chad,AFRO,0,7698,0,194
2023-11-19,TD,Chad,AFRO,0,7698,0,194
2023-11-26,TD,Chad,AFRO,0,7698,0,194
2023-12-03,TD,Chad,AFRO,0,7698,0,194
2023-12-10,TD,Chad,AFRO,0,7698,0,194
2023-12-17,TD,Chad,AFRO,0,7698,0,194
2023-12-24,TD,Chad,AFRO,0,7698,0,194
2023-12-31,TD,Chad,AFRO,0,7698,0,194
2020-01-05,,,,0,0,0,0
2020-01-12,,,,0,0,0,0
2020-01-19,,,,0,0,0,0
2020-01-26,,,,0,0,0,0
2020-02-02,,,,0,0,0,0
2020-02-09,,,,0,0,0,0
2020-02-16,,,,0,0,0,0
2020-02-23,,,,0,0,0,0
2020-03-01,,,,0,0,0,0
2020-03-08,,,,0,0,0,0
2020-03-15,,,,0,0,0,0
2020-03-22,,,,0,0,0,0
2020-03-29,,,,0,0,0,0
2020-04-05,,,,0,0,0,0
2020-04-12,,,,0,0,0,0
2020-04-19,,,,0,0,0,0
2020-04-26,,,,0,0,0,0
2020-05-03,,,,0,0,0,0
2020-05-10,,,,0,0,0,0
2020-05-17,,,,0,0,0,0
2020-05-24,,,,29,29,0,0
2020-05-31,,,,0,29,0,0
2020-06-07,,,,0,29,0,0
2020-06-14,,,,0,29,0,0
2020-06-21,,,,0,29,0,0
2020-06-28,,,,0,29,0,0
2020-07-05,,,,0,29,0,0
2020-07-12,,,,0,29,0,0
2020-07-19,,,,0,29,0,0
2020-07-26,,,,0,29,0,0
2020-08-02,,,,0,29,0,0
2020-08-09,,,,0,29,0,0
2020-08-16,,,,0,29,0,0
2020-08-23,,,,0,29,0,0
2020-08-30,,,,0,29,0,0
2020-09-06,,,,0,29,0,0
2020-09-13,,,,0,29,0,0
2020-09-20,,,,0,29,0,0
2020-09-27,,,,0,29,0,0
2020-10-04,,,,0,29,0,0
2020-10-11,,,,0,29,0,0
2020-10-18,,,,0,29,0,0
2020-10-25,,,,0,29,0,0
2020-11-01,,,,0,29,0,0
2020-11-08,,,,0,29,0,0
2020-11-15,,,,0,29,0,0
2020-11-22,,,,0,29,0,0
2020-11-29,,,,0,29,0,0
2020-12-06,,,,0,29,0,0
2020-12-13,,,,0,29,0,0
2020-12-20,,,,0,29,0,0
2020-12-27,,,,0,29,0,0
2021-01-03,,,,0,29,0,0
2021-01-10,,,,0,29,0,0
2021-01-17,,,,0,29,0,0
2021-01-24,,,,0,29,0,0
2021-01-31,,,,0,29,0,0
2021-02-07,,,,0,29,0,0
2021-02-14,,,,0,29,0,0
2021-02-21,,,,0,29,0,0
2021-02-28,,,,0,29,0,0
2021-03-07,,,,0,29,0,0
2021-03-14,,,,0,29,0,0
2021-03-21,,,,0,29,0,0
2021-03-28,,,,0,29,0,0
2021-04-04,,,,0,29,0,0
2021-04-11,,,,0,29,0,0
2021-04-18,,,,0,29,0,0
2021-04-25,,,,0,29,0,0
2021-05-02,,,,0,29,0,0
2021-05-09,,,,0,29,0,0
2021-05-16,,,,0,29,0,0
2021-05-23,,,,0,29,0,0
2021-05-30,,,,0,29,0,0
2021-06-06,,,,0,29,0,0
2021-06-13,,,,0,29,0,0
2021-06-20,,,,0,29,0,0
2021-06-27,,,,0,29,0,0
2021-07-04,,,,0,29,0,0
2021-07-11,,,,0,29,0,0
2021-07-18,,,,0,29,0,0
2021-07-25,,,,0,29,0,0
2021-08-01,,,,0,29,0,0
2021-08-08,,,,0,29,0,0
2021-08-15,,,,0,29,0,0
2021-08-22,,,,0,29,0,0
2021-08-29,,,,0,29,0,0
2021-09-05,,,,0,29,0,0
2021-09-12,,,,0,29,0,0
2021-09-19,,,,0,29,0,0
2021-09-26,,,,0,29,0,0
2021-10-03,,,,0,29,0,0
2021-10-10,,,,0,29,0,0
2021-10-17,,,,0,29,0,0
2021-10-24,,,,0,29,0,0
2021-10-31,,,,0,29,0,0
2021-11-07,,,,0,29,0,0
2021-11-14,,,,0,29,0,0
2021-11-21,,,,0,29,0,0
2021-11-28,,,,0,29,0,0
2021-12-05,,,,0,29,0,0
2021-12-12,,,,0,29,0,0
2021-12-19,,,,0,29,0,0
2021-12-26,,,,0,29,0,0
2022-01-02,,,,0,29,0,0
2022-01-09,,,,0,29,0,0
2022-01-16,,,,0,29,0,0
2022-01-23,,,,0,29,0,0
2022-01-30,,,,0,29,0,0
2022-02-06,,,,0,29,0,0
2022-02-13,,,,0,29,0,0
2022-02-20,,,,0,29,0,0
2022-02-27,,,,0,29,0,0
2022-03-06,,,,0,29,0,0
2022-03-13,,,,0,29,0,0
2022-03-20,,,,0,29,0,0
2022-03-27,,,,0,29,0,0
2022-04-03,,,,0,29,0,0
2022-04-10,,,,0,29,0,0
2022-04-17,,,,0,29,0,0
2022-04-24,,,,0,29,0,0
2022-05-01,,,,0,29,0,0
2022-05-08,,,,0,29,0,0
2022-05-15,,,,0,29,0,0
2022-05-22,,,,0,29,0,0
2022-05-29,,,,0,29,0,0
2022-06-05,,,,0,29,0,0
2022-06-12,,,,0,29,0,0
2022-06-19,,,,0,29,0,0
2022-06-26,,,,0,29,0,0
2022-07-03,,,,0,29,0,0
2022-07-10,,,,0,29,0,0
2022-07-17,,,,0,29,0,0
2022-07-24,,,,0,29,0,0
2022-07-31,,,,0,29,0,0
2022-08-07,,,,0,29,0,0
2022-08-14,,,,0,29,0,0
2022-08-21,,,,0,29,0,0
2022-08-28,,,,0,29,0,0
2022-09-04,,,,0,29,0,0
2022-09-11,,,,0,29,0,0
2022-09-18,,,,0,29,0,0
2022-09-25,,,,0,29,0,0
2022-10-02,,,,0,29,0,0
2022-10-09,,,,0,29,0,0
2022-10-16,,,,0,29,0,0
2022-10-23,,,,0,29,0,0
2022-10-30,,,,0,29,0,0
2022-11-06,,,,0,29,0,0
2022-11-13,,,,0,29,0,0
2022-11-20,,,,0,29,0,0
2022-11-27,,,,0,29,0,0
2022-12-04,,,,0,29,0,0
2022-12-11,,,,0,29,0,0
2022-12-18,,,,0,29,0,0
2022-12-25,,,,0,29,0,0
2023-01-01,,,,0,29,0,0
2023-01-08,,,,0,29,0,0
2023-01-15,,,,0,29,0,0
2023-01-22,,,,0,29,0,0
2023-01-29,,,,0,29,0,0
2023-02-05,,,,0,29,0,0
2023-02-12,,,,0,29,0,0
2023-02-19,,,,0,29,0,0
2023-02-26,,,,0,29,0,0
2023-03-05,,,,0,29,0,0
2023-03-12,,,,0,29,0,0
2023-03-19,,,,0,29,0,0
2023-03-26,,,,0,29,0,0
2023-04-02,,,,0,29,0,0
2023-04-09,,,,0,29,0,0
2023-04-16,,,,0,29,0,0
2023-04-23,,,,0,29,0,0
2023-04-30,,,,0,29,0,0
2023-05-07,,,,0,29,0,0
2023-05-14,,,,0,29,0,0
2023-05-21,,,,0,29,0,0
2023-05-28,,,,0,29,0,0
2023-06-04,,,,0,29,0,0
2023-06-11,,,,0,29,0,0
2023-06-18,,,,0,29,0,0
2023-06-25,,,,0,29,0,0
2023-07-02,,,,0,29,0,0
2023-07-09,,,,0,29,0,0
2023-07-16,,,,0,29,0,0
2023-07-23,,,,0,29,0,0
2023-07-30,,,,0,29,0,0
2023-08-06,,,,0,29,0,0
2023-08-13,,,,0,29,0,0
2023-08-20,,,,0,29,0,0
2023-08-27,,,,0,29,0,0
2023-09-03,,,,0,29,0,0
2023-09-10,,,,0,29,0,0
2023-09-17,,,,0,29,0,0
2023-09-24,,,,0,29,0,0
2023-10-01,,,,0,29,0,0
2023-10-08,,,,0,29,0,0
2023-10-15,,,,0,29,0,0
2023-10-22,,,,0,29,0,0
2023-10-29,,,,0,29,0,0
2023-11-05,,,,0,29,0,0
2023-11-12,,,,0,29,0,0
2023-11-19,,,,0,29,0,0
2023-11-26,,,,0,29,0,0
2023-12-03,,,,0,29,0,0
2023-12-10,,,,0,29,0,0
2023-12-17,,,,0,29,0,0
2023-12-24,,,,0,29,0,0
2023-12-31,,,,0,29,0,0
2020-01-05,,,,0,0,0,0
2020-01-12,,,,0,0,0,0
2020-01-19,,,,0,0,0,0
2020-01-26,,,,0,0,0,0
2020-02-02,,,,0,0,0,0
2020-02-09,,,,0,0,0,0
2020-02-16,,,,0,0,0,0
2020-02-23,,,,0,0,0,0
2020-03-01,,,,0,0,0,0
2020-03-08,,,,0,0,0,0
2020-03-15,,,,0,0,0,0
2020-03-22,,,,0,0,0,0
2020-03-29,,,,0,0,0,0
2020-04-05,,,,0,0,0,0
2020-04-12,,,,0,0,0,0
2020-04-19,,,,0,0,0,0
2020-04-26,,,,0,0,0,0
2020-05-03,,,,0,0,0,0
2020-05-10,,,,0,0,0,0
2020-05-17,,,,0,0,0,0
2020-05-24,,,,0,0,0,0
2020-05-31,,,,0,0,0,0
2020-06-07,,,,0,0,0,0
2020-06-14,,,,0,0,0,0
2020-06-21,,,,0,0,0,0
2020-06-28,,,,0,0,0,0
2020-07-05,,,,0,0,0,0
2020-07-12,,,,0,0,0,0
2020-07-19,,,,0,0,0,0
2020-07-26,,,,0,0,0,0
2020-08-02,,,,0,0,0,0
2020-08-09,,,,0,0,0,0
2020-08-16,,,,0,0,0,0
2020-08-23,,,,0,0,0,0
2020-08-30,,,,0,0,0,0
2020-09-06,,,,0,0,0,0
2020-09-13,,,,0,0,0,0
2020-09-20,,,,0,0,0,0
2020-09-27,,,,0,0,0,0
2020-10-04,,,,0,0,0,0
2020-10-11,,,,0,0,0,0
2020-10-18,,,,0,0,0,0
2020-10-25,,,,0,0,0,0
2020-11-01,,,,0,0,0,0
2020-11-08,,,,0,0,0,0
2020-11-15,,,,0,0,0,0
2020-11-22,,,,0,0,0,0
2020-11-29,,,,0,0,0,0
2020-12-06,,,,0,0,0,0
2020-12-13,,,,0,0,0,0
2020-12-20,,,,0,0,0,0
2020-12-27,,,,0,0,0,0
2021-01-03,,,,0,0,0,0
2021-01-10,,,,0,0,0,0
2021-01-17,,,,0,0,0,0
2021-01-24,,,,0,0,0,0
2021-01-31,,,,0,0,0,0
2021-02-07,,,,0,0,0,0
2021-02-14,,,,0,0,0,0
2021-02-21,,,,0,0,0,0
2021-02-28,,,,0,0,0,0
2021-03-07,,,,0,0,0,0
2021-03-14,,,,0,0,0,0
2021-03-21,,,,0,0,0,0
2021-03-28,,,,0,0,0,0
2021-04-04,,,,0,0,0,0
2021-04-11,,,,0,0,0,0
2021-04-18,,,,0,0,0,0
2021-04-25,,,,1,1,0,0
2021-05-02,,,,0,1,0,0
2021-05-09,,,,0,1,0,0
2021-05-16,,,,0,1,0,0
2021-05-23,,,,4,5,0,0
2021-05-30,,,,0,5,0,0
2021-06-06,,,,0,5,0,0
2021-06-13,,,,0,5,0,0
2021-06-20,,,,0,5,0,0
2021-06-27,,,,0,5,0,0
2021-07-04,,,,0,5,0,0
2021-07-11,,,,0,5,0,0
2021-07-18,,,,0,5,0,0
2021-07-25,,,,0,5,0,0
2021-08-01,,,,0,5,0,0
2021-08-08,,,,0,5,0,0
2021-08-15,,,,0,5,0,0
2021-08-22,,,,0,5,0,0
2021-08-29,,,,0,5,0,0
2021-09-05,,,,0,5,0,0
2021-09-12,,,,0,5,0,0
2021-09-19,,,,0,5,0,0
2021-09-26,,,,0,5,0,0
2021-10-03,,,,0,5,0,0
2021-10-10,,,,0,5,0,0
2021-10-17,,,,0,5,0,0
2021-10-24,,,,0,5,0,0
2021-10-31,,,,0,5,0,0
2021-11-07,,,,0,5,0,0
2021-11-14,,,,0,5,0,0
2021-11-21,,,,0,5,0,0
2021-11-28,,,,0,5,0,0
2021-12-05,,,,0,5,0,0
2021-12-12,,,,0,5,0,0
2021-12-19,,,,0,5,0,0
2021-12-26,,,,0,5,0,0
2022-01-02,,,,0,5,0,0
2022-01-09,,,,0,5,0,0
2022-01-16,,,,0,5,0,0
2022-01-23,,,,0,5,0,0
2022-01-30,,,,0,5,0,0
2022-02-06,,,,0,5,0,0
2022-02-13,,,,0,5,0,0
2022-02-20,,,,0,5,0,0
2022-02-27,,,,0,5,0,0
2022-03-06,,,,0,5,0,0
2022-03-13,,,,0,5,0,0
2022-03-20,,,,0,5,0,0
2022-03-27,,,,0,5,0,0
2022-04-03,,,,0,5,0,0
2022-04-10,,,,0,5,0,0
2022-04-17,,,,0,5,0,0
2022-04-24,,,,0,5,0,0
2022-05-01,,,,0,5,0,0
2022-05-08,,,,0,5,0,0
2022-05-15,,,,0,5,0,0
2022-05-22,,,,0,5,0,0
2022-05-29,,,,0,5,0,0
2022-06-05,,,,0,5,0,0
2022-06-12,,,,0,5,0,0
2022-06-19,,,,0,5,0,0
2022-06-26,,,,0,5,0,0
2022-07-03,,,,0,5,0,0
2022-07-10,,,,0,5,0,0
2022-07-17,,,,0,5,0,0
2022-07-24,,,,0,5,0,0
2022-07-31,,,,0,5,0,0
2022-08-07,,,,0,5,0,0
2022-08-14,,,,0,5,0,0
2022-08-21,,,,0,5,0,0
2022-08-28,,,,0,5,0,0
2022-09-04,,,,0,5,0,0
2022-09-11,,,,0,5,0,0
2022-09-18,,,,0,5,0,0
2022-09-25,,,,0,5,0,0
2022-10-02,,,,0,5,0,0
2022-10-09,,,,0,5,0,0
2022-10-16,,,,0,5,0,0
2022-10-23,,,,0,5,0,0
2022-10-30,,,,0,5,0,0
2022-11-06,,,,0,5,0,0
2022-11-13,,,,0,5,0,0
2022-11-20,,,,0,5,0,0
2022-11-27,,,,0,5,0,0
2022-12-04,,,,0,5,0,0
2022-12-11,,,,0,5,0,0
2022-12-18,,,,0,5,0,0
2022-12-25,,,,0,5,0,0
2023-01-01,,,,0,5,0,0
2023-01-08,,,,0,5,0,0
2023-01-15,,,,0,5,0,0
2023-01-22,,,,0,5,0,0
2023-01-29,,,,0,5,0,0
2023-02-05,,,,0,5,0,0
2023-02-12,,,,0,5,0,0
2023-02-19,,,,0,5,0,0
2023-02-26,,,,0,5,0,0
2023-03-05,,,,0,5,0,0
2023-03-12,,,,0,5,0,0
2023-03-19,,,,0,5,0,0
2023-03-26,,,,0,5,0,0
2023-04-02,,,,0,5,0,0
2023-04-09,,,,0,5,0,0
2023-04-16,,,,0,5,0,0
2023-04-23,,,,0,5,0,0
2023-04-30,,,,0,5,0,0
2023-05-07,,,,0,5,0,0
2023-05-14,,,,0,5,0,0
2023-05-21,,,,0,5,0,0
2023-05-28,,,,0,5,0,0
2023-06-04,,,,0,5,0,0
2023-06-11,,,,0,5,0,0
2023-06-18,,,,0,5,0,0
2023-06-25,,,,0,5,0,0
2023-07-02,,,,0,5,0,0
2023-07-09,,,,0,5,0,0
2023-07-16,,,,0,5,0,0
2023-07-23,,,,0,5,0,0
2023-07-30,,,,0,5,0,0
2023-08-06,,,,0,5,0,0
2023-08-13,,,,0,5,0,0
2023-08-20,,,,0,5,0,0
2023-08-27,,,,0,5,0,0
2023-09-03,,,,0,5,0,0
2023-09-10,,,,0,5,0,0
2023-09-17,,,,0,5,0,0
2023-09-24,,,,0,5,0,0
2023-10-01,,,,0,5,0,0
2023-10-08,,,,0,5,0,0
2023-10-15,,,,0,5,0,0
2023-10-22,,,,0,5,0,0
2023-10-29,,,,0,5,0,0
2023-11-05,,,,0,5,0,0
2023-11-12,,,,0,5,0,0
2023-11-19,,,,0,5,0,0
2023-11-26,,,,0,5,0,0
2023-12-03,,,,0,5,0,0
2023-12-10,,,,0,5,0,0
2023-12-17,,,,0,5,0,0
2023-12-24,,,,0,5,0,0
2023-12-31,,,,0,5,0,0
2020-01-05,CL,Chile,AMRO,0,0,0,0
2020-01-12,CL,Chile,AMRO,0,0,0,0
2020-01-19,CL,Chile,AMRO,0,0,0,0
2020-01-26,CL,Chile,AMRO,0,0,0,0
2020-02-02,CL,Chile,AMRO,0,0,0,0
2020-02-09,CL,Chile,AMRO,0,0,0,0
2020-02-16,CL,Chile,AMRO,0,0,0,0
2020-02-23,CL,Chile,AMRO,0,0,0,0
2020-03-01,CL,Chile,AMRO,1,1,0,0
2020-03-08,CL,Chile,AMRO,6,7,0,0
2020-03-15,CL,Chile,AMRO,54,61,0,0
2020-03-22,CL,Chile,AMRO,476,537,0,0
2020-03-29,CL,Chile,AMRO,1372,1909,6,6
2020-04-05,CL,Chile,AMRO,2252,4161,21,27
2020-04-12,CL,Chile,AMRO,2766,6927,46,73
2020-04-19,CL,Chile,AMRO,2803,9730,53,126
2020-04-26,CL,Chile,AMRO,3128,12858,55,181
2020-05-03,CL,Chile,AMRO,5577,18435,66,247
2020-05-10,CL,Chile,AMRO,8784,27219,57,304
2020-05-17,CL,Chile,AMRO,14209,41428,117,421
2020-05-24,CL,Chile,AMRO,23965,65393,252,673
2020-05-31,CL,Chile,AMRO,29465,94858,324,997
2020-06-07,CL,Chile,AMRO,32887,127745,544,1541
2020-06-14,CL,Chile,AMRO,39610,167355,1560,3101
2020-06-21,CL,Chile,AMRO,69393,236748,1194,4295
2020-06-28,CL,Chile,AMRO,31018,267766,1052,5347
2020-07-05,CL,Chile,AMRO,24081,291847,845,6192
2020-07-12,CL,Chile,AMRO,20182,312029,689,6881
2020-07-19,CL,Chile,AMRO,16817,328846,1564,8445
2020-07-26,CL,Chile,AMRO,14746,343592,575,9020
2020-08-02,CL,Chile,AMRO,14066,357658,513,9533
2020-08-09,CL,Chile,AMRO,13365,371023,478,10011
2020-08-16,CL,Chile,AMRO,12879,383902,384,10395
2020-08-23,CL,Chile,AMRO,11806,395708,397,10792
2020-08-30,CL,Chile,AMRO,12301,408009,389,11181
2020-09-06,CL,Chile,AMRO,12425,420434,370,11551
2020-09-13,CL,Chile,AMRO,12232,432666,344,11895
2020-09-20,CL,Chile,AMRO,12008,444674,359,12254
2020-09-27,CL,Chile,AMRO,11305,455979,337,12591
2020-10-04,CL,Chile,AMRO,12492,468471,328,12919
2020-10-11,CL,Chile,AMRO,11124,479595,353,13272
2020-10-18,CL,Chile,AMRO,10408,490003,316,13588
2020-10-25,CL,Chile,AMRO,10539,500542,304,13892
2020-11-01,CL,Chile,AMRO,9714,510256,315,14207
2020-11-08,CL,Chile,AMRO,9721,519977,292,14499
2020-11-15,CL,Chile,AMRO,9699,529676,278,14777
2020-11-22,CL,Chile,AMRO,9467,539143,253,15030
2020-11-29,CL,Chile,AMRO,9798,548941,292,15322
2020-12-06,CL,Chile,AMRO,9727,558668,270,15592
2020-12-13,CL,Chile,AMRO,11113,569781,254,15846
2020-12-20,CL,Chile,AMRO,13573,583354,255,16101
2020-12-27,CL,Chile,AMRO,15040,598394,303,16404
2021-01-03,CL,Chile,AMRO,17508,615902,320,16724
2021-01-10,CL,Chile,AMRO,21840,637742,313,17037
2021-01-17,CL,Chile,AMRO,27751,665493,398,17435
2021-01-24,CL,Chile,AMRO,29154,694647,419,17854
2021-01-31,CL,Chile,AMRO,28253,722900,485,18339
2021-02-07,CL,Chile,AMRO,25182,748082,556,18895
2021-02-14,CL,Chile,AMRO,24313,772395,548,19443
2021-02-21,CL,Chile,AMRO,23450,795845,531,19974
2021-02-28,CL,Chile,AMRO,25573,821418,502,20476
2021-03-07,CL,Chile,AMRO,29065,850483,532,21008
2021-03-14,CL,Chile,AMRO,34896,885379,566,21574
2021-03-21,CL,Chile,AMRO,39710,925089,606,22180
2021-03-28,CL,Chile,AMRO,44824,969913,473,22653
2021-04-04,CL,Chile,AMRO,49565,1019478,871,23524
2021-04-11,CL,Chile,AMRO,49044,1068522,689,24213
2021-04-18,CL,Chile,AMRO,48826,1117348,842,25055
2021-04-25,CL,Chile,AMRO,45463,1162811,687,25742
2021-05-02,CL,Chile,AMRO,41944,1204755,715,26457
2021-05-09,CL,Chile,AMRO,37221,1241976,644,27101
2021-05-16,CL,Chile,AMRO,38276,1280252,633,27734
2021-05-23,CL,Chile,AMRO,43161,1323413,652,28386
2021-05-30,CL,Chile,AMRO,46343,1369756,661,29047
2021-06-06,CL,Chile,AMRO,50510,1420266,769,29816
2021-06-13,CL,Chile,AMRO,48726,1468992,763,30579
2021-06-20,CL,Chile,AMRO,42283,1511275,813,31392
2021-06-27,CL,Chile,AMRO,31367,1542642,771,32163
2021-07-04,CL,Chile,AMRO,23819,1566461,810,32973
2021-07-11,CL,Chile,AMRO,18699,1585160,794,33767
2021-07-18,CL,Chile,AMRO,13321,1598481,636,34403
2021-07-25,CL,Chile,AMRO,9268,1607749,555,34958
2021-08-01,CL,Chile,AMRO,8022,1615771,490,35448
2021-08-08,CL,Chile,AMRO,6738,1622509,503,35951
2021-08-15,CL,Chile,AMRO,5784,1628293,380,36331
2021-08-22,CL,Chile,AMRO,4860,1633153,274,36605
2021-08-29,CL,Chile,AMRO,4081,1637234,236,36841
2021-09-05,CL,Chile,AMRO,3432,1640666,226,37067
2021-09-12,CL,Chile,AMRO,2964,1643630,134,37201
2021-09-19,CL,Chile,AMRO,3364,1646994,138,37339
2021-09-26,CL,Chile,AMRO,3991,1650985,93,37432
2021-10-03,CL,Chile,AMRO,4899,1655884,52,37484
2021-10-10,CL,Chile,AMRO,5486,1661370,70,37554
2021-10-17,CL,Chile,AMRO,7866,1669236,43,37597
2021-10-24,CL,Chile,AMRO,10781,1680017,65,37662
2021-10-31,CL,Chile,AMRO,12860,1692877,81,37743
2021-11-07,CL,Chile,AMRO,13745,1706622,98,37841
2021-11-14,CL,Chile,AMRO,17106,1723728,110,37951
2021-11-21,CL,Chile,AMRO,16768,1740496,143,38094
2021-11-28,CL,Chile,AMRO,16581,1757077,188,38282
2021-12-05,CL,Chile,AMRO,13543,1770620,183,38465
2021-12-12,CL,Chile,AMRO,10607,1781227,181,38646
2021-12-19,CL,Chile,AMRO,9297,1790524,194,38840
2021-12-26,CL,Chile,AMRO,8601,1799125,173,39013
2022-01-02,CL,Chile,AMRO,9273,1808398,127,39140
2022-01-09,CL,Chile,AMRO,17019,1825417,111,39251
2022-01-16,CL,Chile,AMRO,41684,1867101,125,39376
2022-01-23,CL,Chile,AMRO,82574,1949675,121,39497
2022-01-30,CL,Chile,AMRO,157937,2107612,156,39653
2022-02-06,CL,Chile,AMRO,227422,2335034,277,39930
2022-02-13,CL,Chile,AMRO,247900,2582934,534,40464
2022-02-20,CL,Chile,AMRO,236312,2819246,732,41196
2022-02-27,CL,Chile,AMRO,196384,3015630,874,42070
2022-03-06,CL,Chile,AMRO,152705,3168335,885,42955
2022-03-13,CL,Chile,AMRO,118141,3286476,830,43785
2022-03-20,CL,Chile,AMRO,95205,3381681,655,44440
2022-03-27,CL,Chile,AMRO,61337,3443018,11858,56298
2022-04-03,CL,Chile,AMRO,39157,3482175,391,56689
2022-04-10,CL,Chile,AMRO,26381,3508556,308,56997
2022-04-17,CL,Chile,AMRO,20070,3528626,234,57231
2022-04-24,CL,Chile,AMRO,15837,3544463,144,57375
2022-05-01,CL,Chile,AMRO,14168,3558631,152,57527
2022-05-08,CL,Chile,AMRO,17508,3576139,102,57629
2022-05-15,CL,Chile,AMRO,24757,3600896,85,57714
2022-05-22,CL,Chile,AMRO,36097,3636993,80,57794
2022-05-29,CL,Chile,AMRO,47592,3684585,83,57877
2022-06-05,CL,Chile,AMRO,55211,3739796,78,57955
2022-06-12,CL,Chile,AMRO,69174,3808970,121,58076
2022-06-19,CL,Chile,AMRO,73455,3882425,150,58226
2022-06-26,CL,Chile,AMRO,65587,3948012,159,58385
2022-07-03,CL,Chile,AMRO,65891,4013903,178,58563
2022-07-10,CL,Chile,AMRO,61630,4075533,224,58787
2022-07-17,CL,Chile,AMRO,54699,4130232,252,59039
2022-07-24,CL,Chile,AMRO,47285,4177517,264,59303
2022-07-31,CL,Chile,AMRO,56032,4233549,249,59552
2022-08-07,CL,Chile,AMRO,63595,4297144,221,59773
2022-08-14,CL,Chile,AMRO,72562,4369706,188,59961
2022-08-21,CL,Chile,AMRO,62880,4432586,213,60174
2022-08-28,CL,Chile,AMRO,54867,4487453,208,60382
2022-09-04,CL,Chile,AMRO,40080,4527533,189,60571
2022-09-11,CL,Chile,AMRO,32268,4559801,178,60749
2022-09-18,CL,Chile,AMRO,23853,4583654,174,60923
2022-09-25,CL,Chile,AMRO,19860,4603514,123,61046
2022-10-02,CL,Chile,AMRO,24409,4627923,132,61178
2022-10-09,CL,Chile,AMRO,21425,4649348,128,61306
2022-10-16,CL,Chile,AMRO,25025,4674373,106,61412
2022-10-23,CL,Chile,AMRO,34497,4708870,123,61535
2022-10-30,CL,Chile,AMRO,41905,4750775,117,61652
2022-11-06,CL,Chile,AMRO,35423,4786198,137,61789
2022-11-13,CL,Chile,AMRO,46640,4832838,194,61983
2022-11-20,CL,Chile,AMRO,39013,4871851,182,62165
2022-11-27,CL,Chile,AMRO,33684,4905535,192,62357
2022-12-04,CL,Chile,AMRO,27990,4933525,186,62543
2022-12-11,CL,Chile,AMRO,22011,4955536,165,62708
2022-12-18,CL,Chile,AMRO,24097,4979633,142,62850
2022-12-25,CL,Chile,AMRO,26526,5006159,162,63012
2023-01-01,CL,Chile,AMRO,31368,5037527,160,63172
2023-01-08,CL,Chile,AMRO,25207,5062734,158,63330
2023-01-15,CL,Chile,AMRO,22244,5084978,166,63496
2023-01-22,CL,Chile,AMRO,16859,5101837,144,63640
2023-01-29,CL,Chile,AMRO,13293,5115130,124,63764
2023-02-05,CL,Chile,AMRO,11527,5126657,111,63875
2023-02-12,CL,Chile,AMRO,10648,5137305,110,63985
2023-02-19,CL,Chile,AMRO,10378,5147683,82,64067
2023-02-26,CL,Chile,AMRO,13526,5161209,91,64158
2023-03-05,CL,Chile,AMRO,16561,5177770,64,64222
2023-03-12,CL,Chile,AMRO,22009,5199779,79,64301
2023-03-19,CL,Chile,AMRO,27654,5227433,78,64379
2023-03-26,CL,Chile,AMRO,22644,5250077,103,64482
2023-04-02,CL,Chile,AMRO,14253,5264330,-3432,61050
2023-04-09,CL,Chile,AMRO,8437,5272767,92,61142
2023-04-16,CL,Chile,AMRO,5485,5278252,105,61247
2023-04-23,CL,Chile,AMRO,3429,5281681,76,61323
2023-04-30,CL,Chile,AMRO,2227,5283908,61,61384
2023-05-07,CL,Chile,AMRO,1238,5285146,50,61434
2023-05-14,CL,Chile,AMRO,952,5286098,24,61458
2023-05-21,CL,Chile,AMRO,0,5286098,0,61458
2023-05-28,CL,Chile,AMRO,426,5286524,17,61475
2023-06-04,CL,Chile,AMRO,272,5286796,17,61492
2023-06-11,CL,Chile,AMRO,183,5286979,15,61507
2023-06-18,CL,Chile,AMRO,206,5287185,12,61519
2023-06-25,CL,Chile,AMRO,147,5287332,10,61529
2023-07-02,CL,Chile,AMRO,148,5287480,3,61532
2023-07-09,CL,Chile,AMRO,115,5287595,5,61537
2023-07-16,CL,Chile,AMRO,143,5287738,8,61545
2023-07-23,CL,Chile,AMRO,164,5287902,11,61556
2023-07-30,CL,Chile,AMRO,262,5288164,2,61558
2023-08-06,CL,Chile,AMRO,326,5288490,4,61562
2023-08-13,CL,Chile,AMRO,411,5288901,6,61568
2023-08-20,CL,Chile,AMRO,420,5289321,6,61574
2023-08-27,CL,Chile,AMRO,478,5289799,4,61578
2023-09-03,CL,Chile,AMRO,614,5290413,7,61585
2023-09-10,CL,Chile,AMRO,651,5291064,10,61595
2023-09-17,CL,Chile,AMRO,802,5291866,8,61603
2023-09-24,CL,Chile,AMRO,856,5292722,16,61619
2023-10-01,CL,Chile,AMRO,1421,5294143,25,61644
2023-10-08,CL,Chile,AMRO,1803,5295946,27,61671
2023-10-15,CL,Chile,AMRO,2083,5298029,34,61705
2023-10-22,CL,Chile,AMRO,3054,5301083,52,61757
2023-10-29,CL,Chile,AMRO,3433,5304516,37,61794
2023-11-05,CL,Chile,AMRO,3500,5308016,56,61850
2023-11-12,CL,Chile,AMRO,4087,5312103,46,61896
2023-11-19,CL,Chile,AMRO,3860,5315963,57,61953
2023-11-26,CL,Chile,AMRO,3776,5319739,57,62010
2023-12-03,CL,Chile,AMRO,3162,5322901,48,62058
2023-12-10,CL,Chile,AMRO,2179,5325080,48,62106
2023-12-17,CL,Chile,AMRO,1966,5327046,42,62148
2023-12-24,CL,Chile,AMRO,2057,5329103,20,62168
2023-12-31,CL,Chile,AMRO,0,5329103,0,62168
2020-01-05,CN,China,WPRO,1,1,0,0
2020-01-12,CN,China,WPRO,44,45,1,1
2020-01-19,CN,China,WPRO,80,125,2,3
2020-01-26,CN,China,WPRO,1860,1985,53,56
2020-02-02,CN,China,WPRO,12426,14411,305,361
2020-02-09,CN,China,WPRO,22840,37251,544,905
2020-02-16,CN,China,WPRO,31333,68584,862,1767
2020-02-23,CN,China,WPRO,8458,77042,679,2446
2020-03-01,CN,China,WPRO,2926,79968,427,2873
2020-03-08,CN,China,WPRO,891,80859,228,3101
2020-03-15,CN,China,WPRO,189,81048,103,3204
2020-03-22,CN,China,WPRO,450,81498,63,3267
2020-03-29,CN,China,WPRO,843,82341,39,3306
2020-04-05,CN,China,WPRO,589,82930,32,3338
2020-04-12,CN,China,WPRO,552,83482,11,3349
2020-04-19,CN,China,WPRO,719,84201,1293,4642
2020-04-26,CN,China,WPRO,137,84338,0,4642
2020-05-03,CN,China,WPRO,55,84393,1,4643
2020-05-10,CN,China,WPRO,37,84430,0,4643
2020-05-17,CN,China,WPRO,54,84484,2,4645
2020-05-24,CN,China,WPRO,41,84525,0,4645
2020-05-31,CN,China,WPRO,45,84570,0,4645
2020-06-07,CN,China,WPRO,59,84629,0,4645
2020-06-14,CN,China,WPRO,100,84729,0,4645
2020-06-21,CN,China,WPRO,268,84997,1,4646
2020-06-28,CN,China,WPRO,193,85190,2,4648
2020-07-05,CN,China,WPRO,116,85306,0,4648
2020-07-12,CN,China,WPRO,216,85522,0,4648
2020-07-19,CN,China,WPRO,415,85937,5,4653
2020-07-26,CN,China,WPRO,902,86839,6,4659
2020-08-02,CN,China,WPRO,1463,88302,15,4674
2020-08-09,CN,China,WPRO,847,89149,14,4688
2020-08-16,CN,China,WPRO,612,89761,22,4710
2020-08-23,CN,China,WPRO,380,90141,7,4717
2020-08-30,CN,China,WPRO,210,90351,11,4728
2020-09-06,CN,China,WPRO,166,90517,7,4735
2020-09-13,CN,China,WPRO,149,90666,6,4741
2020-09-20,CN,China,WPRO,174,90840,3,4744
2020-09-27,CN,China,WPRO,126,90966,2,4746
2020-10-04,CN,China,WPRO,155,91121,0,4746
2020-10-11,CN,China,WPRO,184,91305,0,4746
2020-10-18,CN,China,WPRO,184,91489,0,4746
2020-10-25,CN,China,WPRO,185,91674,0,4746
2020-11-01,CN,China,WPRO,247,91921,0,4746
2020-11-08,CN,China,WPRO,274,92195,2,4748
2020-11-15,CN,China,WPRO,233,92428,1,4749
2020-11-22,CN,China,WPRO,220,92648,0,4749
2020-11-29,CN,China,WPRO,681,93329,1,4750
2020-12-06,CN,China,WPRO,831,94160,3,4753
2020-12-13,CN,China,WPRO,790,94950,3,4756
2020-12-20,CN,China,WPRO,766,95716,14,4770
2020-12-27,CN,China,WPRO,608,96324,7,4777
2021-01-03,CN,China,WPRO,648,96972,14,4791
2021-01-10,CN,China,WPRO,680,97652,7,4798
2021-01-17,CN,China,WPRO,1142,98794,6,4804
2021-01-24,CN,China,WPRO,1342,100136,6,4810
2021-01-31,CN,China,WPRO,838,100974,13,4823
2021-02-07,CN,China,WPRO,342,101316,8,4831
2021-02-14,CN,China,WPRO,220,101536,7,4838
2021-02-21,CN,China,WPRO,164,101700,4,4842
2021-02-28,CN,China,WPRO,220,101920,1,4843
2021-03-07,CN,China,WPRO,181,102101,5,4848
2021-03-14,CN,China,WPRO,262,102363,1,4849
2021-03-21,CN,China,WPRO,176,102539,0,4849
2021-03-28,CN,China,WPRO,159,102698,2,4851
2021-04-04,CN,China,WPRO,210,102908,0,4851
2021-04-11,CN,China,WPRO,205,103113,2,4853
2021-04-18,CN,China,WPRO,202,103315,3,4856
2021-04-25,CN,China,WPRO,169,103484,0,4856
2021-05-02,CN,China,WPRO,183,103667,2,4858
2021-05-09,CN,China,WPRO,141,103808,0,4858
2021-05-16,CN,China,WPRO,617,104425,0,4858
2021-05-23,CN,China,WPRO,2762,107187,11,4869
2021-05-30,CN,China,WPRO,3959,111146,86,4955
2021-06-06,CN,China,WPRO,3521,114667,151,5106
2021-06-13,CN,China,WPRO,1634,116301,177,5283
2021-06-20,CN,China,WPRO,1247,117548,112,5395
2021-06-27,CN,China,WPRO,810,118358,83,5478
2021-07-04,CN,China,WPRO,538,118896,57,5535
2021-07-11,CN,China,WPRO,425,119321,53,5588
2021-07-18,CN,China,WPRO,377,119698,28,5616
2021-07-25,CN,China,WPRO,515,120213,18,5634
2021-08-01,CN,China,WPRO,624,120837,3,5637
2021-08-08,CN,China,WPRO,847,121684,20,5657
2021-08-15,CN,China,WPRO,694,122378,12,5669
2021-08-22,CN,China,WPRO,320,122698,7,5676
2021-08-29,CN,China,WPRO,297,122995,6,5682
2021-09-05,CN,China,WPRO,236,123231,3,5685
2021-09-12,CN,China,WPRO,313,123544,2,5687
2021-09-19,CN,China,WPRO,558,124102,2,5689
2021-09-26,CN,China,WPRO,393,124495,1,5690
2021-10-03,CN,China,WPRO,310,124805,2,5692
2021-10-10,CN,China,WPRO,250,125055,3,5695
2021-10-17,CN,China,WPRO,199,125254,0,5695
2021-10-24,CN,China,WPRO,311,125565,0,5695
2021-10-31,CN,China,WPRO,513,126078,1,5696
2021-11-07,CN,China,WPRO,632,126710,0,5696
2021-11-14,CN,China,WPRO,550,127260,1,5697
2021-11-21,CN,China,WPRO,252,127512,0,5697
2021-11-28,CN,China,WPRO,252,127764,0,5697
2021-12-05,CN,China,WPRO,629,128393,0,5697
2021-12-12,CN,China,WPRO,689,129082,0,5697
2021-12-19,CN,China,WPRO,712,129794,2,5699
2021-12-26,CN,China,WPRO,1064,130858,0,5699
2022-01-02,CN,China,WPRO,1650,132508,0,5699
2022-01-09,CN,China,WPRO,1643,134151,0,5699
2022-01-16,CN,China,WPRO,1876,136027,1,5700
2022-01-23,CN,China,WPRO,1323,137350,0,5700
2022-01-30,CN,China,WPRO,1642,138992,0,5700
2022-02-06,CN,China,WPRO,2057,141049,0,5700
2022-02-13,CN,China,WPRO,8591,149640,6,5706
2022-02-20,CN,China,WPRO,31127,180767,70,5776
2022-02-27,CN,China,WPRO,120387,301154,372,6148
2022-03-06,CN,China,WPRO,302580,603734,1348,7496
2022-03-13,CN,China,WPRO,158173,761907,1986,9482
2022-03-20,CN,China,WPRO,84389,846296,1905,11387
2022-03-27,CN,China,WPRO,43971,890267,1356,12743
2022-04-03,CN,China,WPRO,32276,922543,920,13663
2022-04-10,CN,China,WPRO,21648,944191,599,14262
2022-04-17,CN,China,WPRO,30667,974858,372,14634
2022-04-24,CN,China,WPRO,42303,1017161,247,14881
2022-05-01,CN,China,WPRO,91983,1109144,392,15273
2022-05-08,CN,China,WPRO,227721,1336865,177,15450
2022-05-15,CN,China,WPRO,414077,1750942,192,15642
2022-05-22,CN,China,WPRO,554051,2304993,347,15989
2022-05-29,CN,China,WPRO,573340,2878333,669,16658
2022-06-05,CN,China,WPRO,513969,3392302,1044,17702
2022-06-12,CN,China,WPRO,489982,3882284,1194,18896
2022-06-19,CN,China,WPRO,406469,4288753,1091,19987
2022-06-26,CN,China,WPRO,323183,4611936,982,20969
2022-07-03,CN,China,WPRO,230021,4841957,689,21658
2022-07-10,CN,China,WPRO,223915,5065872,709,22367
2022-07-17,CN,China,WPRO,197555,5263427,528,22895
2022-07-24,CN,China,WPRO,180690,5444117,458,23353
2022-07-31,CN,China,WPRO,172003,5616120,351,23704
2022-08-07,CN,China,WPRO,163340,5779460,330,24034
2022-08-14,CN,China,WPRO,166696,5946156,224,24258
2022-08-21,CN,China,WPRO,172424,6118580,241,24499
2022-08-28,CN,China,WPRO,194464,6313044,267,24766
2022-09-04,CN,China,WPRO,238044,6551088,292,25058
2022-09-11,CN,China,WPRO,263288,6814376,296,25354
2022-09-18,CN,China,WPRO,297693,7112069,358,25712
2022-09-25,CN,China,WPRO,292476,7404545,532,26244
2022-10-02,CN,China,WPRO,303092,7707637,365,26609
2022-10-09,CN,China,WPRO,333830,8041467,435,27044
2022-10-16,CN,China,WPRO,328910,8370377,427,27471
2022-10-23,CN,China,WPRO,285348,8655725,479,27950
2022-10-30,CN,China,WPRO,257994,8913719,510,28460
2022-11-06,CN,China,WPRO,219102,9132821,479,28939
2022-11-13,CN,China,WPRO,171745,9304566,431,29370
2022-11-20,CN,China,WPRO,158813,9463379,468,29838
2022-11-27,CN,China,WPRO,144205,9607584,354,30192
2022-12-04,CN,China,WPRO,146141,9753725,375,30567
2022-12-11,CN,China,WPRO,1117898,10871623,871,31438
2022-12-18,CN,China,WPRO,11098550,21970173,1708,33146
2022-12-25,CN,China,WPRO,40475477,62445650,5849,38995
2023-01-01,CN,China,WPRO,24644876,87090526,17893,56888
2023-01-08,CN,China,WPRO,8061762,95152288,12991,69879
2023-01-15,CN,China,WPRO,2361571,97513859,0,69879
2023-01-22,CN,China,WPRO,755183,98269042,0,69879
2023-01-29,CN,China,WPRO,175542,98444584,0,69879
2023-02-05,CN,China,WPRO,192969,98637553,47687,117566
2023-02-12,CN,China,WPRO,148174,98785727,1360,118926
2023-02-19,CN,China,WPRO,118748,98904475,537,119463
2023-02-26,CN,China,WPRO,77670,98982145,358,119821
2023-03-05,CN,China,WPRO,84790,99066935,360,120181
2023-03-12,CN,China,WPRO,92268,99159203,329,120510
2023-03-19,CN,China,WPRO,65301,99224504,265,120775
2023-03-26,CN,China,WPRO,13602,99238106,119,120894
2023-04-02,CN,China,WPRO,1060,99239166,3,120897
2023-04-09,CN,China,WPRO,1228,99240394,8,120905
2023-04-16,CN,China,WPRO,1699,99242093,7,120912
2023-04-23,CN,China,WPRO,2206,99244299,11,120923
2023-04-30,CN,China,WPRO,3082,99247381,38,120961
2023-05-07,CN,China,WPRO,3736,99251117,54,121015
2023-05-14,CN,China,WPRO,4440,99255557,58,121073
2023-05-21,CN,China,WPRO,4437,99259994,71,121144
2023-05-28,CN,China,WPRO,6466,99266460,91,121235
2023-06-04,CN,China,WPRO,5030,99271490,1,121236
2023-06-11,CN,China,WPRO,6956,99278446,154,121390
2023-06-18,CN,China,WPRO,4555,99283001,0,121390
2023-06-25,CN,China,WPRO,2437,99285438,75,121465
2023-07-02,CN,China,WPRO,3878,99289316,25,121490
2023-07-09,CN,China,WPRO,2733,99292049,25,121515
2023-07-16,CN,China,WPRO,2666,99294715,21,121536
2023-07-23,CN,China,WPRO,2445,99297160,0,121536
2023-07-30,CN,China,WPRO,2541,99299701,27,121563
2023-08-06,CN,China,WPRO,1954,99301655,84,121647
2023-08-13,CN,China,WPRO,964,99302619,24,121671
2023-08-20,CN,China,WPRO,1463,99304082,0,121671
2023-08-27,CN,China,WPRO,1587,99305669,0,121671
2023-09-03,CN,China,WPRO,1647,99307316,8,121679
2023-09-10,CN,China,WPRO,1527,99308843,0,121679
2023-09-17,CN,China,WPRO,1025,99309868,0,121679
2023-09-24,CN,China,WPRO,1152,99311020,35,121714
2023-10-01,CN,China,WPRO,1880,99312900,0,121714
2023-10-08,CN,China,WPRO,1327,99314227,53,121767
2023-10-15,CN,China,WPRO,1302,99315529,20,121787
2023-10-22,CN,China,WPRO,1340,99316869,22,121809
2023-10-29,CN,China,WPRO,1072,99317941,0,121809
2023-11-05,CN,China,WPRO,739,99318680,58,121867
2023-11-12,CN,China,WPRO,634,99319314,6,121873
2023-11-19,CN,China,WPRO,530,99319844,1,121874
2023-11-26,CN,China,WPRO,532,99320376,3,121877
2023-12-03,CN,China,WPRO,405,99320781,8,121885
2023-12-10,CN,China,WPRO,433,99321214,1,121886
2023-12-17,CN,China,WPRO,410,99321624,2,121888
2023-12-24,CN,China,WPRO,417,99322041,1,121889
2023-12-31,CN,China,WPRO,484,99322525,0,121889
2020-01-05,CO,Colombia,AMRO,0,0,0,0
2020-01-12,CO,Colombia,AMRO,0,0,0,0
2020-01-19,CO,Colombia,AMRO,0,0,0,0
2020-01-26,CO,Colombia,AMRO,0,0,0,0
2020-02-02,CO,Colombia,AMRO,0,0,0,0
2020-02-09,CO,Colombia,AMRO,0,0,0,0
2020-02-16,CO,Colombia,AMRO,0,0,0,0
2020-02-23,CO,Colombia,AMRO,0,0,0,0
2020-03-01,CO,Colombia,AMRO,0,0,0,0
2020-03-08,CO,Colombia,AMRO,1,1,0,0
2020-03-15,CO,Colombia,AMRO,15,16,0,0
2020-03-22,CO,Colombia,AMRO,180,196,0,0
2020-03-29,CO,Colombia,AMRO,527,723,6,6
2020-04-05,CO,Colombia,AMRO,544,1267,19,25
2020-04-12,CO,Colombia,AMRO,1206,2473,55,80
2020-04-19,CO,Colombia,AMRO,966,3439,73,153
2020-04-26,CO,Colombia,AMRO,1442,4881,72,225
2020-05-03,CO,Colombia,AMRO,2125,7006,89,314
2020-05-10,CO,Colombia,AMRO,3045,10051,114,428
2020-05-17,CO,Colombia,AMRO,4165,14216,118,546
2020-05-24,CO,Colombia,AMRO,4915,19131,136,682
2020-05-31,CO,Colombia,AMRO,7557,26688,171,853
2020-06-07,CO,Colombia,AMRO,9947,36635,292,1145
2020-06-14,CO,Colombia,AMRO,10223,46858,400,1545
2020-06-21,CO,Colombia,AMRO,16418,63276,500,2045
2020-06-28,CO,Colombia,AMRO,21166,84442,766,2811
2020-07-05,CO,Colombia,AMRO,25063,109505,966,3777
2020-07-12,CO,Colombia,AMRO,31271,140776,1148,4925
2020-07-19,CO,Colombia,AMRO,41364,182140,1363,6288
2020-07-26,CO,Colombia,AMRO,51401,233541,1687,7975
2020-08-02,CO,Colombia,AMRO,61967,295508,2130,10105
2020-08-09,CO,Colombia,AMRO,71688,367196,2145,12250
2020-08-16,CO,Colombia,AMRO,77915,445111,2242,14492
2020-08-23,CO,Colombia,AMRO,77027,522138,2076,16568
2020-08-30,CO,Colombia,AMRO,68382,590520,2199,18767
2020-09-06,CO,Colombia,AMRO,59542,650062,2121,20888
2020-09-13,CO,Colombia,AMRO,52026,702088,1630,22518
2020-09-20,CO,Colombia,AMRO,48383,750471,1332,23850
2020-09-27,CO,Colombia,AMRO,47846,798317,1253,25103
2020-10-04,CO,Colombia,AMRO,43214,841531,1294,26397
2020-10-11,CO,Colombia,AMRO,52769,894300,1098,27495
2020-10-18,CO,Colombia,AMRO,51054,945354,1121,28616
2020-10-25,CO,Colombia,AMRO,53588,998942,1186,29802
2020-11-01,CO,Colombia,AMRO,64209,1063151,1333,31135
2020-11-08,CO,Colombia,AMRO,64582,1127733,1270,32405
2020-11-15,CO,Colombia,AMRO,54964,1182697,1264,33669
2020-11-22,CO,Colombia,AMRO,50747,1233444,1260,34929
2020-11-29,CO,Colombia,AMRO,57066,1290510,1285,36214
2020-12-06,CO,Colombia,AMRO,62097,1352607,1253,37467
2020-12-13,CO,Colombia,AMRO,56302,1408909,1202,38669
2020-12-20,CO,Colombia,AMRO,73163,1482072,1350,40019
2020-12-27,CO,Colombia,AMRO,92635,1574707,1671,41690
2021-01-03,CO,Colombia,AMRO,80173,1654880,1805,43495
2021-01-10,CO,Colombia,AMRO,100688,1755568,1936,45431
2021-01-17,CO,Colombia,AMRO,114611,1870179,2437,47868
2021-01-24,CO,Colombia,AMRO,117239,1987418,2718,50586
2021-01-31,CO,Colombia,AMRO,90215,2077633,2698,53284
2021-02-07,CO,Colombia,AMRO,65027,2142660,2119,55403
2021-02-14,CO,Colombia,AMRO,42509,2185169,1793,57196
2021-02-21,CO,Colombia,AMRO,31832,2217001,1315,58511
2021-02-28,CO,Colombia,AMRO,27791,2244792,1007,59518
2021-03-07,CO,Colombia,AMRO,24790,2269582,782,60300
2021-03-14,CO,Colombia,AMRO,25035,2294617,650,60950
2021-03-21,CO,Colombia,AMRO,29809,2324426,821,61771
2021-03-28,CO,Colombia,AMRO,42911,2367337,874,62645
2021-04-04,CO,Colombia,AMRO,60711,2428048,1132,63777
2021-04-11,CO,Colombia,AMRO,76158,2504206,1506,65283
2021-04-18,CO,Colombia,AMRO,115216,2619422,2281,67564
2021-04-25,CO,Colombia,AMRO,121122,2740544,2882,70446
2021-05-02,CO,Colombia,AMRO,119180,2859724,3274,73720
2021-05-09,CO,Colombia,AMRO,108902,2968626,3147,76867
2021-05-16,CO,Colombia,AMRO,115834,3084460,3383,80250
2021-05-23,CO,Colombia,AMRO,107590,3192050,3469,83719
2021-05-30,CO,Colombia,AMRO,150517,3342567,3488,87207
2021-06-06,CO,Colombia,AMRO,175479,3518046,3683,90890
2021-06-13,CO,Colombia,AMRO,176661,3694707,3725,94615
2021-06-20,CO,Colombia,AMRO,193907,3888614,4131,98746
2021-06-27,CO,Colombia,AMRO,204132,4092746,4575,103321
2021-07-04,CO,Colombia,AMRO,204556,4297302,4402,107723
2021-07-11,CO,Colombia,AMRO,174320,4471622,4008,111731
2021-07-18,CO,Colombia,AMRO,129713,4601335,3602,115333
2021-07-25,CO,Colombia,AMRO,104399,4705734,2855,118188
2021-08-01,CO,Colombia,AMRO,70557,4776291,2244,120432
2021-08-08,CO,Colombia,AMRO,52292,4828583,1655,122087
2021-08-15,CO,Colombia,AMRO,32039,4860622,1134,123221
2021-08-22,CO,Colombia,AMRO,23310,4883932,802,124023
2021-08-29,CO,Colombia,AMRO,17231,4901163,625,124648
2021-09-05,CO,Colombia,AMRO,13718,4914881,510,125158
2021-09-12,CO,Colombia,AMRO,11891,4926772,371,125529
2021-09-19,CO,Colombia,AMRO,10824,4937596,297,125826
2021-09-26,CO,Colombia,AMRO,10917,4948513,242,126068
2021-10-03,CO,Colombia,AMRO,10631,4959144,268,126336
2021-10-10,CO,Colombia,AMRO,9987,4969131,216,126552
2021-10-17,CO,Colombia,AMRO,9558,4978689,244,126796
2021-10-24,CO,Colombia,AMRO,9332,4988021,198,126994
2021-10-31,CO,Colombia,AMRO,11027,4999048,231,127225
2021-11-07,CO,Colombia,AMRO,11934,5010982,231,127456
2021-11-14,CO,Colombia,AMRO,15840,5026822,265,127721
2021-11-21,CO,Colombia,AMRO,16000,5042822,292,128013
2021-11-28,CO,Colombia,AMRO,17735,5060557,330,128343
2021-12-05,CO,Colombia,AMRO,15821,5076378,342,128685
2021-12-12,CO,Colombia,AMRO,13317,5089695,326,129011
2021-12-19,CO,Colombia,AMRO,13574,5103269,334,129345
2021-12-26,CO,Colombia,AMRO,14985,5118254,341,129686
2022-01-02,CO,Colombia,AMRO,39186,5157440,256,129942
2022-01-09,CO,Colombia,AMRO,111422,5268862,308,130250
2022-01-16,CO,Colombia,AMRO,207042,5475904,481,130731
2022-01-23,CO,Colombia,AMRO,210161,5686065,1093,131824
2022-01-30,CO,Colombia,AMRO,151343,5837408,1736,133560
2022-02-06,CO,Colombia,AMRO,106375,5943783,1722,135282
2022-02-13,CO,Colombia,AMRO,64208,6007991,1482,136764
2022-02-20,CO,Colombia,AMRO,31172,6039163,1105,137869
2022-02-27,CO,Colombia,AMRO,19552,6058715,632,138501
2022-03-06,CO,Colombia,AMRO,10710,6069425,483,138984
2022-03-13,CO,Colombia,AMRO,6231,6075656,271,139255
2022-03-20,CO,Colombia,AMRO,4240,6079896,160,139415
2022-03-27,CO,Colombia,AMRO,3047,6082943,129,139544
2022-04-03,CO,Colombia,AMRO,2327,6085270,92,139636
2022-04-10,CO,Colombia,AMRO,2173,6087443,67,139703
2022-04-17,CO,Colombia,AMRO,1938,6089381,38,139741
2022-04-24,CO,Colombia,AMRO,1422,6090803,24,139765
2022-05-01,CO,Colombia,AMRO,1600,6092403,28,139793
2022-05-08,CO,Colombia,AMRO,1242,6093645,16,139809
2022-05-15,CO,Colombia,AMRO,1671,6095316,12,139821
2022-05-22,CO,Colombia,AMRO,3795,6099111,12,139833
2022-05-29,CO,Colombia,AMRO,4344,6103455,21,139854
2022-06-05,CO,Colombia,AMRO,5650,6109105,13,139867
2022-06-12,CO,Colombia,AMRO,8742,6117847,27,139894
2022-06-19,CO,Colombia,AMRO,13810,6131657,24,139918
2022-06-26,CO,Colombia,AMRO,19697,6151354,52,139970
2022-07-03,CO,Colombia,AMRO,23827,6175181,100,140070
2022-07-10,CO,Colombia,AMRO,23667,6198848,132,140202
2022-07-17,CO,Colombia,AMRO,24649,6223497,163,140365
2022-07-24,CO,Colombia,AMRO,24137,6247634,238,140603
2022-07-31,CO,Colombia,AMRO,18164,6265798,242,140845
2022-08-07,CO,Colombia,AMRO,13200,6278998,230,141075
2022-08-14,CO,Colombia,AMRO,7394,6286392,212,141287
2022-08-21,CO,Colombia,AMRO,6738,6293130,119,141406
2022-08-28,CO,Colombia,AMRO,6465,6299595,113,141519
2022-09-04,CO,Colombia,AMRO,3214,6302809,127,141646
2022-09-11,CO,Colombia,AMRO,1508,6304317,62,141708
2022-09-18,CO,Colombia,AMRO,1245,6305562,38,141746
2022-09-25,CO,Colombia,AMRO,990,6306552,23,141769
2022-10-02,CO,Colombia,AMRO,820,6307372,25,141794
2022-10-09,CO,Colombia,AMRO,715,6308087,13,141807
2022-10-16,CO,Colombia,AMRO,471,6308558,13,141820
2022-10-23,CO,Colombia,AMRO,610,6309168,7,141827
2022-10-30,CO,Colombia,AMRO,548,6309716,10,141837
2022-11-06,CO,Colombia,AMRO,616,6310332,13,141850
2022-11-13,CO,Colombia,AMRO,1027,6311359,12,141862
2022-11-20,CO,Colombia,AMRO,1298,6312657,19,141881
2022-11-27,CO,Colombia,AMRO,2112,6314769,14,141895
2022-12-04,CO,Colombia,AMRO,3252,6318021,16,141911
2022-12-11,CO,Colombia,AMRO,5336,6323357,32,141943
2022-12-18,CO,Colombia,AMRO,7052,6330409,53,141996
2022-12-25,CO,Colombia,AMRO,7930,6338339,80,142076
2023-01-01,CO,Colombia,AMRO,6776,6345115,103,142179
2023-01-08,CO,Colombia,AMRO,4856,6349971,80,142259
2023-01-15,CO,Colombia,AMRO,0,6349971,0,142259
2023-01-22,CO,Colombia,AMRO,4820,6354791,126,142385
2023-01-29,CO,Colombia,AMRO,1518,6356309,101,142486
2023-02-05,CO,Colombia,AMRO,891,6357200,58,142544
2023-02-12,CO,Colombia,AMRO,868,6358068,32,142576
2023-02-19,CO,Colombia,AMRO,707,6358775,20,142596
2023-02-26,CO,Colombia,AMRO,689,6359464,19,142615
2023-03-05,CO,Colombia,AMRO,625,6360089,14,142629
2023-03-12,CO,Colombia,AMRO,691,6360780,10,142639
2023-03-19,CO,Colombia,AMRO,513,6361293,13,142652
2023-03-26,CO,Colombia,AMRO,517,6361810,13,142665
2023-04-02,CO,Colombia,AMRO,502,6362312,13,142678
2023-04-09,CO,Colombia,AMRO,746,6363058,12,142690
2023-04-16,CO,Colombia,AMRO,486,6363544,8,142698
2023-04-23,CO,Colombia,AMRO,470,6364014,8,142706
2023-04-30,CO,Colombia,AMRO,622,6364636,7,142713
2023-05-07,CO,Colombia,AMRO,626,6365262,9,142722
2023-05-14,CO,Colombia,AMRO,732,6365994,5,142727
2023-05-21,CO,Colombia,AMRO,0,6365994,0,142727
2023-05-28,CO,Colombia,AMRO,1334,6367328,0,142727
2023-06-04,CO,Colombia,AMRO,982,6368310,0,142727
2023-06-11,CO,Colombia,AMRO,1174,6369484,0,142727
2023-06-18,CO,Colombia,AMRO,1302,6370786,0,142727
2023-06-25,CO,Colombia,AMRO,1207,6371993,0,142727
2023-07-02,CO,Colombia,AMRO,922,6372915,0,142727
2023-07-09,CO,Colombia,AMRO,886,6373801,0,142727
2023-07-16,CO,Colombia,AMRO,832,6374633,0,142727
2023-07-23,CO,Colombia,AMRO,903,6375536,0,142727
2023-07-30,CO,Colombia,AMRO,858,6376394,0,142727
2023-08-06,CO,Colombia,AMRO,653,6377047,0,142727
2023-08-13,CO,Colombia,AMRO,754,6377801,0,142727
2023-08-20,CO,Colombia,AMRO,556,6378357,0,142727
2023-08-27,CO,Colombia,AMRO,722,6379079,0,142727
2023-09-03,CO,Colombia,AMRO,562,6379641,0,142727
2023-09-10,CO,Colombia,AMRO,528,6380169,0,142727
2023-09-17,CO,Colombia,AMRO,401,6380570,0,142727
2023-09-24,CO,Colombia,AMRO,452,6381022,0,142727
2023-10-01,CO,Colombia,AMRO,340,6381362,0,142727
2023-10-08,CO,Colombia,AMRO,332,6381694,0,142727
2023-10-15,CO,Colombia,AMRO,288,6381982,0,142727
2023-10-22,CO,Colombia,AMRO,421,6382403,0,142727
2023-10-29,CO,Colombia,AMRO,289,6382692,0,142727
2023-11-05,CO,Colombia,AMRO,291,6382983,0,142727
2023-11-12,CO,Colombia,AMRO,302,6383285,0,142727
2023-11-19,CO,Colombia,AMRO,310,6383595,0,142727
2023-11-26,CO,Colombia,AMRO,353,6383948,0,142727
2023-12-03,CO,Colombia,AMRO,276,6384224,0,142727
2023-12-10,CO,Colombia,AMRO,327,6384551,0,142727
2023-12-17,CO,Colombia,AMRO,428,6384979,0,142727
2023-12-24,CO,Colombia,AMRO,560,6385539,0,142727
2023-12-31,CO,Colombia,AMRO,0,6385539,0,142727
2020-01-05,KM,Comoros,AFRO,0,0,0,0
2020-01-12,KM,Comoros,AFRO,0,0,0,0
2020-01-19,KM,Comoros,AFRO,0,0,0,0
2020-01-26,KM,Comoros,AFRO,0,0,0,0
2020-02-02,KM,Comoros,AFRO,0,0,0,0
2020-02-09,KM,Comoros,AFRO,0,0,0,0
2020-02-16,KM,Comoros,AFRO,0,0,0,0
2020-02-23,KM,Comoros,AFRO,0,0,0,0
2020-03-01,KM,Comoros,AFRO,0,0,0,0
2020-03-08,KM,Comoros,AFRO,0,0,0,0
2020-03-15,KM,Comoros,AFRO,0,0,0,0
2020-03-22,KM,Comoros,AFRO,0,0,0,0
2020-03-29,KM,Comoros,AFRO,0,0,0,0
2020-04-05,KM,Comoros,AFRO,0,0,0,0
2020-04-12,KM,Comoros,AFRO,0,0,0,0
2020-04-19,KM,Comoros,AFRO,0,0,0,0
2020-04-26,KM,Comoros,AFRO,0,0,0,0
2020-05-03,KM,Comoros,AFRO,3,3,0,0
2020-05-10,KM,Comoros,AFRO,8,11,1,1
2020-05-17,KM,Comoros,AFRO,0,11,0,1
2020-05-24,KM,Comoros,AFRO,23,34,0,1
2020-05-31,KM,Comoros,AFRO,28,62,1,2
2020-06-07,KM,Comoros,AFRO,9,71,0,2
2020-06-14,KM,Comoros,AFRO,35,106,0,2
2020-06-21,KM,Comoros,AFRO,71,177,3,5
2020-06-28,KM,Comoros,AFRO,46,223,2,7
2020-07-05,KM,Comoros,AFRO,18,241,0,7
2020-07-12,KM,Comoros,AFRO,6,247,0,7
2020-07-19,KM,Comoros,AFRO,17,264,0,7
2020-07-26,KM,Comoros,AFRO,20,284,0,7
2020-08-02,KM,Comoros,AFRO,32,316,0,7
2020-08-09,KM,Comoros,AFRO,13,329,0,7
2020-08-16,KM,Comoros,AFRO,6,335,0,7
2020-08-23,KM,Comoros,AFRO,12,347,0,7
2020-08-30,KM,Comoros,AFRO,6,353,0,7
2020-09-06,KM,Comoros,AFRO,25,378,0,7
2020-09-13,KM,Comoros,AFRO,9,387,0,7
2020-09-20,KM,Comoros,AFRO,13,400,0,7
2020-09-27,KM,Comoros,AFRO,4,404,0,7
2020-10-04,KM,Comoros,AFRO,10,414,0,7
2020-10-11,KM,Comoros,AFRO,8,422,0,7
2020-10-18,KM,Comoros,AFRO,12,434,0,7
2020-10-25,KM,Comoros,AFRO,21,455,0,7
2020-11-01,KM,Comoros,AFRO,20,475,0,7
2020-11-08,KM,Comoros,AFRO,18,493,0,7
2020-11-15,KM,Comoros,AFRO,16,509,0,7
2020-11-22,KM,Comoros,AFRO,17,526,0,7
2020-11-29,KM,Comoros,AFRO,15,541,0,7
2020-12-06,KM,Comoros,AFRO,5,546,0,7
2020-12-13,KM,Comoros,AFRO,12,558,0,7
2020-12-20,KM,Comoros,AFRO,38,596,0,7
2020-12-27,KM,Comoros,AFRO,65,661,0,7
2021-01-03,KM,Comoros,AFRO,133,794,6,13
2021-01-10,KM,Comoros,AFRO,286,1080,5,18
2021-01-17,KM,Comoros,AFRO,427,1507,23,41
2021-01-24,KM,Comoros,AFRO,683,2190,29,70
2021-01-31,KM,Comoros,AFRO,458,2648,20,90
2021-02-07,KM,Comoros,AFRO,368,3016,18,108
2021-02-14,KM,Comoros,AFRO,246,3262,20,128
2021-02-21,KM,Comoros,AFRO,158,3420,15,143
2021-02-28,KM,Comoros,AFRO,81,3501,1,144
2021-03-07,KM,Comoros,AFRO,25,3526,2,146
2021-03-14,KM,Comoros,AFRO,30,3556,0,146
2021-03-21,KM,Comoros,AFRO,40,3596,0,146
2021-03-28,KM,Comoros,AFRO,24,3620,0,146
2021-04-04,KM,Comoros,AFRO,99,3719,0,146
2021-04-11,KM,Comoros,AFRO,70,3789,0,146
2021-04-18,KM,Comoros,AFRO,30,3819,0,146
2021-04-25,KM,Comoros,AFRO,10,3829,0,146
2021-05-02,KM,Comoros,AFRO,10,3839,0,146
2021-05-09,KM,Comoros,AFRO,15,3854,0,146
2021-05-16,KM,Comoros,AFRO,9,3863,0,146
2021-05-23,KM,Comoros,AFRO,9,3872,0,146
2021-05-30,KM,Comoros,AFRO,9,3881,0,146
2021-06-06,KM,Comoros,AFRO,7,3888,0,146
2021-06-13,KM,Comoros,AFRO,11,3899,0,146
2021-06-20,KM,Comoros,AFRO,9,3908,0,146
2021-06-27,KM,Comoros,AFRO,16,3924,0,146
2021-07-04,KM,Comoros,AFRO,34,3958,0,146
2021-07-11,KM,Comoros,AFRO,38,3996,0,146
2021-07-18,KM,Comoros,AFRO,15,4011,1,147
2021-07-25,KM,Comoros,AFRO,10,4021,0,147
2021-08-01,KM,Comoros,AFRO,7,4028,0,147
2021-08-08,KM,Comoros,AFRO,3,4031,0,147
2021-08-15,KM,Comoros,AFRO,7,4038,0,147
2021-08-22,KM,Comoros,AFRO,10,4048,0,147
2021-08-29,KM,Comoros,AFRO,14,4062,0,147
2021-09-05,KM,Comoros,AFRO,22,4084,0,147
2021-09-12,KM,Comoros,AFRO,10,4094,0,147
2021-09-19,KM,Comoros,AFRO,12,4106,0,147
2021-09-26,KM,Comoros,AFRO,11,4117,0,147
2021-10-03,KM,Comoros,AFRO,38,4155,0,147
2021-10-10,KM,Comoros,AFRO,10,4165,0,147
2021-10-17,KM,Comoros,AFRO,21,4186,0,147
2021-10-24,KM,Comoros,AFRO,19,4205,0,147
2021-10-31,KM,Comoros,AFRO,54,4259,0,147
2021-11-07,KM,Comoros,AFRO,56,4315,0,147
2021-11-14,KM,Comoros,AFRO,73,4388,2,149
2021-11-21,KM,Comoros,AFRO,62,4450,1,150
2021-11-28,KM,Comoros,AFRO,48,4498,0,150
2021-12-05,KM,Comoros,AFRO,44,4542,0,150
2021-12-12,KM,Comoros,AFRO,25,4567,1,151
2021-12-19,KM,Comoros,AFRO,100,4667,0,151
2021-12-26,KM,Comoros,AFRO,936,5603,2,153
2022-01-02,KM,Comoros,AFRO,1232,6835,5,158
2022-01-09,KM,Comoros,AFRO,759,7594,0,158
2022-01-16,KM,Comoros,AFRO,151,7745,1,159
2022-01-23,KM,Comoros,AFRO,66,7811,0,159
2022-01-30,KM,Comoros,AFRO,18,7829,1,160
2022-02-06,KM,Comoros,AFRO,99,7928,0,160
2022-02-13,KM,Comoros,AFRO,70,7998,0,160
2022-02-20,KM,Comoros,AFRO,22,8020,0,160
2022-02-27,KM,Comoros,AFRO,13,8033,0,160
2022-03-06,KM,Comoros,AFRO,15,8048,0,160
2022-03-13,KM,Comoros,AFRO,15,8063,0,160
2022-03-20,KM,Comoros,AFRO,13,8076,0,160
2022-03-27,KM,Comoros,AFRO,7,8083,0,160
2022-04-03,KM,Comoros,AFRO,10,8093,0,160
2022-04-10,KM,Comoros,AFRO,6,8099,0,160
2022-04-17,KM,Comoros,AFRO,4,8103,0,160
2022-04-24,KM,Comoros,AFRO,2,8105,0,160
2022-05-01,KM,Comoros,AFRO,2,8107,0,160
2022-05-08,KM,Comoros,AFRO,1,8108,0,160
2022-05-15,KM,Comoros,AFRO,2,8110,0,160
2022-05-22,KM,Comoros,AFRO,9,8119,0,160
2022-05-29,KM,Comoros,AFRO,6,8125,0,160
2022-06-05,KM,Comoros,AFRO,6,8131,0,160
2022-06-12,KM,Comoros,AFRO,4,8135,0,160
2022-06-19,KM,Comoros,AFRO,1,8136,0,160
2022-06-26,KM,Comoros,AFRO,8,8144,0,160
2022-07-03,KM,Comoros,AFRO,40,8184,0,160
2022-07-10,KM,Comoros,AFRO,48,8232,0,160
2022-07-17,KM,Comoros,AFRO,38,8270,0,160
2022-07-24,KM,Comoros,AFRO,31,8301,0,160
2022-07-31,KM,Comoros,AFRO,28,8329,0,160
2022-08-07,KM,Comoros,AFRO,23,8352,0,160
2022-08-14,KM,Comoros,AFRO,51,8403,0,160
2022-08-21,KM,Comoros,AFRO,22,8425,0,160
2022-08-28,KM,Comoros,AFRO,25,8450,0,160
2022-09-04,KM,Comoros,AFRO,5,8455,0,160
2022-09-11,KM,Comoros,AFRO,12,8467,0,160
2022-09-18,KM,Comoros,AFRO,4,8471,0,160
2022-09-25,KM,Comoros,AFRO,1,8472,0,160
2022-10-02,KM,Comoros,AFRO,3,8475,0,160
2022-10-09,KM,Comoros,AFRO,5,8480,0,160
2022-10-16,KM,Comoros,AFRO,91,8571,0,160
2022-10-23,KM,Comoros,AFRO,101,8672,0,160
2022-10-30,KM,Comoros,AFRO,165,8837,0,160
2022-11-06,KM,Comoros,AFRO,69,8906,0,160
2022-11-13,KM,Comoros,AFRO,30,8936,0,160
2022-11-20,KM,Comoros,AFRO,20,8956,0,160
2022-11-27,KM,Comoros,AFRO,9,8965,0,160
2022-12-04,KM,Comoros,AFRO,3,8968,0,160
2022-12-11,KM,Comoros,AFRO,11,8979,0,160
2022-12-18,KM,Comoros,AFRO,0,8979,0,160
2022-12-25,KM,Comoros,AFRO,3,8982,0,160
2023-01-01,KM,Comoros,AFRO,3,8985,0,160
2023-01-08,KM,Comoros,AFRO,1,8986,0,160
2023-01-15,KM,Comoros,AFRO,1,8987,0,160
2023-01-22,KM,Comoros,AFRO,5,8992,0,160
2023-01-29,KM,Comoros,AFRO,1,8993,0,160
2023-02-05,KM,Comoros,AFRO,0,8993,0,160
2023-02-12,KM,Comoros,AFRO,0,8993,0,160
2023-02-19,KM,Comoros,AFRO,5,8998,0,160
2023-02-26,KM,Comoros,AFRO,5,9003,0,160
2023-03-05,KM,Comoros,AFRO,20,9023,0,160
2023-03-12,KM,Comoros,AFRO,29,9052,0,160
2023-03-19,KM,Comoros,AFRO,15,9067,0,160
2023-03-26,KM,Comoros,AFRO,13,9080,0,160
2023-04-02,KM,Comoros,AFRO,7,9087,0,160
2023-04-09,KM,Comoros,AFRO,12,9099,0,160
2023-04-16,KM,Comoros,AFRO,6,9105,0,160
2023-04-23,KM,Comoros,AFRO,0,9105,0,160
2023-04-30,KM,Comoros,AFRO,4,9109,0,160
2023-05-07,KM,Comoros,AFRO,0,9109,0,160
2023-05-14,KM,Comoros,AFRO,0,9109,0,160
2023-05-21,KM,Comoros,AFRO,0,9109,0,160
2023-05-28,KM,Comoros,AFRO,0,9109,0,160
2023-06-04,KM,Comoros,AFRO,0,9109,0,160
2023-06-11,KM,Comoros,AFRO,0,9109,0,160
2023-06-18,KM,Comoros,AFRO,0,9109,0,160
2023-06-25,KM,Comoros,AFRO,0,9109,0,160
2023-07-02,KM,Comoros,AFRO,0,9109,0,160
2023-07-09,KM,Comoros,AFRO,0,9109,0,160
2023-07-16,KM,Comoros,AFRO,0,9109,0,160
2023-07-23,KM,Comoros,AFRO,0,9109,0,160
2023-07-30,KM,Comoros,AFRO,0,9109,0,160
2023-08-06,KM,Comoros,AFRO,0,9109,0,160
2023-08-13,KM,Comoros,AFRO,0,9109,0,160
2023-08-20,KM,Comoros,AFRO,0,9109,0,160
2023-08-27,KM,Comoros,AFRO,0,9109,0,160
2023-09-03,KM,Comoros,AFRO,0,9109,0,160
2023-09-10,KM,Comoros,AFRO,0,9109,0,160
2023-09-17,KM,Comoros,AFRO,0,9109,0,160
2023-09-24,KM,Comoros,AFRO,0,9109,0,160
2023-10-01,KM,Comoros,AFRO,0,9109,0,160
2023-10-08,KM,Comoros,AFRO,0,9109,0,160
2023-10-15,KM,Comoros,AFRO,0,9109,0,160
2023-10-22,KM,Comoros,AFRO,0,9109,0,160
2023-10-29,KM,Comoros,AFRO,0,9109,0,160
2023-11-05,KM,Comoros,AFRO,0,9109,0,160
2023-11-12,KM,Comoros,AFRO,0,9109,0,160
2023-11-19,KM,Comoros,AFRO,0,9109,0,160
2023-11-26,KM,Comoros,AFRO,0,9109,0,160
2023-12-03,KM,Comoros,AFRO,0,9109,0,160
2023-12-10,KM,Comoros,AFRO,0,9109,0,160
2023-12-17,KM,Comoros,AFRO,0,9109,0,160
2023-12-24,KM,Comoros,AFRO,0,9109,0,160
2023-12-31,KM,Comoros,AFRO,0,9109,0,160
2020-01-05,CG,Congo,AFRO,0,0,0,0
2020-01-12,CG,Congo,AFRO,0,0,0,0
2020-01-19,CG,Congo,AFRO,0,0,0,0
2020-01-26,CG,Congo,AFRO,0,0,0,0
2020-02-02,CG,Congo,AFRO,0,0,0,0
2020-02-09,CG,Congo,AFRO,0,0,0,0
2020-02-16,CG,Congo,AFRO,0,0,0,0
2020-02-23,CG,Congo,AFRO,0,0,0,0
2020-03-01,CG,Congo,AFRO,0,0,0,0
2020-03-08,CG,Congo,AFRO,0,0,0,0
2020-03-15,CG,Congo,AFRO,1,1,0,0
2020-03-22,CG,Congo,AFRO,2,3,0,0
2020-03-29,CG,Congo,AFRO,16,19,0,0
2020-04-05,CG,Congo,AFRO,30,49,4,4
2020-04-12,CG,Congo,AFRO,21,70,0,4
2020-04-19,CG,Congo,AFRO,73,143,1,5
2020-04-26,CG,Congo,AFRO,57,200,2,7
2020-05-03,CG,Congo,AFRO,29,229,2,9
2020-05-10,CG,Congo,AFRO,58,287,0,9
2020-05-17,CG,Congo,AFRO,123,410,5,14
2020-05-24,CG,Congo,AFRO,77,487,1,15
2020-05-31,CG,Congo,AFRO,117,604,4,19
2020-06-07,CG,Congo,AFRO,79,683,2,21
2020-06-14,CG,Congo,AFRO,96,779,4,25
2020-06-21,CG,Congo,AFRO,104,883,2,27
2020-06-28,CG,Congo,AFRO,446,1329,13,40
2020-07-05,CG,Congo,AFRO,228,1557,4,44
2020-07-12,CG,Congo,AFRO,665,2222,3,47
2020-07-19,CG,Congo,AFRO,411,2633,2,49
2020-07-26,CG,Congo,AFRO,526,3159,5,54
2020-08-02,CG,Congo,AFRO,228,3387,2,56
2020-08-09,CG,Congo,AFRO,277,3664,2,58
2020-08-16,CG,Congo,AFRO,167,3831,9,67
2020-08-23,CG,Congo,AFRO,19,3850,1,68
2020-08-30,CG,Congo,AFRO,129,3979,1,69
2020-09-06,CG,Congo,AFRO,888,4867,12,81
2020-09-13,CG,Congo,AFRO,67,4934,7,88
2020-09-20,CG,Congo,AFRO,68,5002,1,89
2020-09-27,CG,Congo,AFRO,89,5091,0,89
2020-10-04,CG,Congo,AFRO,20,5111,0,89
2020-10-11,CG,Congo,AFRO,45,5156,3,92
2020-10-18,CG,Congo,AFRO,0,5156,0,92
2020-10-25,CG,Congo,AFRO,134,5290,0,92
2020-11-01,CG,Congo,AFRO,58,5348,0,92
2020-11-08,CG,Congo,AFRO,31,5379,0,92
2020-11-15,CG,Congo,AFRO,136,5515,0,92
2020-11-22,CG,Congo,AFRO,117,5632,1,93
2020-11-29,CG,Congo,AFRO,142,5774,1,94
2020-12-06,CG,Congo,AFRO,0,5774,0,94
2020-12-13,CG,Congo,AFRO,275,6049,5,99
2020-12-20,CG,Congo,AFRO,224,6273,1,100
2020-12-27,CG,Congo,AFRO,116,6389,0,100
2021-01-03,CG,Congo,AFRO,771,7160,12,112
2021-01-10,CG,Congo,AFRO,441,7601,0,112
2021-01-17,CG,Congo,AFRO,193,7794,5,117
2021-01-24,CG,Congo,AFRO,93,7887,0,117
2021-01-31,CG,Congo,AFRO,173,8060,5,122
2021-02-07,CG,Congo,AFRO,294,8354,0,122
2021-02-14,CG,Congo,AFRO,65,8419,1,123
2021-02-21,CG,Congo,AFRO,206,8625,4,127
2021-02-28,CG,Congo,AFRO,195,8820,1,128
2021-03-07,CG,Congo,AFRO,359,9179,3,131
2021-03-14,CG,Congo,AFRO,150,9329,0,131
2021-03-21,CG,Congo,AFRO,352,9681,4,135
2021-03-28,CG,Congo,AFRO,0,9681,0,135
2021-04-04,CG,Congo,AFRO,403,10084,2,137
2021-04-11,CG,Congo,AFRO,0,10084,0,137
2021-04-18,CG,Congo,AFRO,0,10084,0,137
2021-04-25,CG,Congo,AFRO,594,10678,7,144
2021-05-02,CG,Congo,AFRO,338,11016,3,147
2021-05-09,CG,Congo,AFRO,327,11343,1,148
2021-05-16,CG,Congo,AFRO,133,11476,2,150
2021-05-23,CG,Congo,AFRO,182,11658,3,153
2021-05-30,CG,Congo,AFRO,187,11845,1,154
2021-06-06,CG,Congo,AFRO,75,11920,1,155
2021-06-13,CG,Congo,AFRO,0,11920,0,155
2021-06-20,CG,Congo,AFRO,484,12404,9,164
2021-06-27,CG,Congo,AFRO,192,12596,1,165
2021-07-04,CG,Congo,AFRO,194,12790,2,167
2021-07-11,CG,Congo,AFRO,143,12933,5,172
2021-07-18,CG,Congo,AFRO,117,13050,4,176
2021-07-25,CG,Congo,AFRO,106,13156,1,177
2021-08-01,CG,Congo,AFRO,60,13216,1,178
2021-08-08,CG,Congo,AFRO,77,13293,1,179
2021-08-15,CG,Congo,AFRO,105,13398,0,179
2021-08-22,CG,Congo,AFRO,95,13493,0,179
2021-08-29,CG,Congo,AFRO,95,13588,4,183
2021-09-05,CG,Congo,AFRO,113,13701,0,183
2021-09-12,CG,Congo,AFRO,0,13701,0,183
2021-09-19,CG,Congo,AFRO,313,14014,8,191
2021-09-26,CG,Congo,AFRO,230,14244,2,193
2021-10-03,CG,Congo,AFRO,317,14561,6,199
2021-10-10,CG,Congo,AFRO,694,15255,20,219
2021-10-17,CG,Congo,AFRO,707,15962,12,231
2021-10-24,CG,Congo,AFRO,906,16868,18,249
2021-10-31,CG,Congo,AFRO,802,17670,29,278
2021-11-07,CG,Congo,AFRO,483,18153,31,309
2021-11-14,CG,Congo,AFRO,386,18539,22,331
2021-11-21,CG,Congo,AFRO,298,18837,18,349
2021-11-28,CG,Congo,AFRO,133,18970,5,354
2021-12-05,CG,Congo,AFRO,96,19066,5,359
2021-12-12,CG,Congo,AFRO,0,19066,0,359
2021-12-19,CG,Congo,AFRO,113,19179,6,365
2021-12-26,CG,Congo,AFRO,910,20089,2,367
2022-01-02,CG,Congo,AFRO,1188,21277,2,369
2022-01-09,CG,Congo,AFRO,1141,22418,1,370
2022-01-16,CG,Congo,AFRO,826,23244,1,371
2022-01-23,CG,Congo,AFRO,241,23485,0,371
2022-01-30,CG,Congo,AFRO,220,23705,0,371
2022-02-06,CG,Congo,AFRO,87,23792,4,375
2022-02-13,CG,Congo,AFRO,20,23812,0,375
2022-02-20,CG,Congo,AFRO,51,23863,2,377
2022-02-27,CG,Congo,AFRO,95,23958,1,378
2022-03-06,CG,Congo,AFRO,21,23979,0,378
2022-03-13,CG,Congo,AFRO,8,23987,0,378
2022-03-20,CG,Congo,AFRO,13,24000,6,384
2022-03-27,CG,Congo,AFRO,7,24007,0,384
2022-04-03,CG,Congo,AFRO,10,24017,1,385
2022-04-10,CG,Congo,AFRO,11,24028,0,385
2022-04-17,CG,Congo,AFRO,1,24029,0,385
2022-04-24,CG,Congo,AFRO,0,24029,0,385
2022-05-01,CG,Congo,AFRO,12,24041,0,385
2022-05-08,CG,Congo,AFRO,11,24052,0,385
2022-05-15,CG,Congo,AFRO,0,24052,0,385
2022-05-22,CG,Congo,AFRO,0,24052,0,385
2022-05-29,CG,Congo,AFRO,0,24052,0,385
2022-06-05,CG,Congo,AFRO,76,24128,0,385
2022-06-12,CG,Congo,AFRO,0,24128,0,385
2022-06-19,CG,Congo,AFRO,0,24128,0,385
2022-06-26,CG,Congo,AFRO,0,24128,0,385
2022-07-03,CG,Congo,AFRO,293,24421,1,386
2022-07-10,CG,Congo,AFRO,0,24421,0,386
2022-07-17,CG,Congo,AFRO,183,24604,0,386
2022-07-24,CG,Congo,AFRO,86,24690,0,386
2022-07-31,CG,Congo,AFRO,100,24790,0,386
2022-08-07,CG,Congo,AFRO,16,24806,0,386
2022-08-14,CG,Congo,AFRO,15,24821,0,386
2022-08-21,CG,Congo,AFRO,19,24840,0,386
2022-08-28,CG,Congo,AFRO,11,24851,0,386
2022-09-04,CG,Congo,AFRO,20,24871,0,386
2022-09-11,CG,Congo,AFRO,15,24886,0,386
2022-09-18,CG,Congo,AFRO,8,24894,0,386
2022-09-25,CG,Congo,AFRO,22,24916,0,386
2022-10-02,CG,Congo,AFRO,32,24948,0,386
2022-10-09,CG,Congo,AFRO,45,24993,0,386
2022-10-16,CG,Congo,AFRO,23,25016,0,386
2022-10-23,CG,Congo,AFRO,27,25043,0,386
2022-10-30,CG,Congo,AFRO,3,25046,0,386
2022-11-06,CG,Congo,AFRO,5,25051,0,386
2022-11-13,CG,Congo,AFRO,5,25056,0,386
2022-11-20,CG,Congo,AFRO,2,25058,0,386
2022-11-27,CG,Congo,AFRO,3,25061,0,386
2022-12-04,CG,Congo,AFRO,1,25062,0,386
2022-12-11,CG,Congo,AFRO,0,25062,0,386
2022-12-18,CG,Congo,AFRO,1,25063,0,386
2022-12-25,CG,Congo,AFRO,0,25063,0,386
2023-01-01,CG,Congo,AFRO,0,25063,0,386
2023-01-08,CG,Congo,AFRO,1,25064,0,386
2023-01-15,CG,Congo,AFRO,0,25064,0,386
2023-01-22,CG,Congo,AFRO,3,25067,2,388
2023-01-29,CG,Congo,AFRO,2,25069,0,388
2023-02-05,CG,Congo,AFRO,1,25070,0,388
2023-02-12,CG,Congo,AFRO,3,25073,0,388
2023-02-19,CG,Congo,AFRO,4,25077,0,388
2023-02-26,CG,Congo,AFRO,0,25077,0,388
2023-03-05,CG,Congo,AFRO,10,25087,0,388
2023-03-12,CG,Congo,AFRO,12,25099,0,388
2023-03-19,CG,Congo,AFRO,11,25110,0,388
2023-03-26,CG,Congo,AFRO,33,25143,1,389
2023-04-02,CG,Congo,AFRO,0,25143,0,389
2023-04-09,CG,Congo,AFRO,32,25175,0,389
2023-04-16,CG,Congo,AFRO,10,25185,0,389
2023-04-23,CG,Congo,AFRO,3,25188,0,389
2023-04-30,CG,Congo,AFRO,4,25192,0,389
2023-05-07,CG,Congo,AFRO,0,25192,0,389
2023-05-14,CG,Congo,AFRO,2,25194,0,389
2023-05-21,CG,Congo,AFRO,1,25195,0,389
2023-05-28,CG,Congo,AFRO,1,25196,0,389
2023-06-04,CG,Congo,AFRO,0,25196,0,389
2023-06-11,CG,Congo,AFRO,0,25196,0,389
2023-06-18,CG,Congo,AFRO,0,25196,0,389
2023-06-25,CG,Congo,AFRO,0,25196,0,389
2023-07-02,CG,Congo,AFRO,0,25196,0,389
2023-07-09,CG,Congo,AFRO,0,25196,0,389
2023-07-16,CG,Congo,AFRO,0,25196,0,389
2023-07-23,CG,Congo,AFRO,0,25196,0,389
2023-07-30,CG,Congo,AFRO,0,25196,0,389
2023-08-06,CG,Congo,AFRO,0,25196,0,389
2023-08-13,CG,Congo,AFRO,0,25196,0,389
2023-08-20,CG,Congo,AFRO,0,25196,0,389
2023-08-27,CG,Congo,AFRO,0,25196,0,389
2023-09-03,CG,Congo,AFRO,0,25196,0,389
2023-09-10,CG,Congo,AFRO,0,25196,0,389
2023-09-17,CG,Congo,AFRO,0,25196,0,389
2023-09-24,CG,Congo,AFRO,0,25196,0,389
2023-10-01,CG,Congo,AFRO,0,25196,0,389
2023-10-08,CG,Congo,AFRO,3,25199,0,389
2023-10-15,CG,Congo,AFRO,4,25203,0,389
2023-10-22,CG,Congo,AFRO,3,25206,0,389
2023-10-29,CG,Congo,AFRO,3,25209,0,389
2023-11-05,CG,Congo,AFRO,4,25213,0,389
2023-11-12,CG,Congo,AFRO,0,25213,0,389
2023-11-19,CG,Congo,AFRO,0,25213,0,389
2023-11-26,CG,Congo,AFRO,0,25213,0,389
2023-12-03,CG,Congo,AFRO,0,25213,0,389
2023-12-10,CG,Congo,AFRO,0,25213,0,389
2023-12-17,CG,Congo,AFRO,0,25213,0,389
2023-12-24,CG,Congo,AFRO,0,25213,0,389
2023-12-31,CG,Congo,AFRO,0,25213,0,389
2020-01-05,CK,Cook Islands,WPRO,0,0,0,0
2020-01-12,CK,Cook Islands,WPRO,0,0,0,0
2020-01-19,CK,Cook Islands,WPRO,0,0,0,0
2020-01-26,CK,Cook Islands,WPRO,0,0,0,0
2020-02-02,CK,Cook Islands,WPRO,0,0,0,0
2020-02-09,CK,Cook Islands,WPRO,0,0,0,0
2020-02-16,CK,Cook Islands,WPRO,0,0,0,0
2020-02-23,CK,Cook Islands,WPRO,0,0,0,0
2020-03-01,CK,Cook Islands,WPRO,0,0,0,0
2020-03-08,CK,Cook Islands,WPRO,0,0,0,0
2020-03-15,CK,Cook Islands,WPRO,0,0,0,0
2020-03-22,CK,Cook Islands,WPRO,0,0,0,0
2020-03-29,CK,Cook Islands,WPRO,0,0,0,0
2020-04-05,CK,Cook Islands,WPRO,0,0,0,0
2020-04-12,CK,Cook Islands,WPRO,0,0,0,0
2020-04-19,CK,Cook Islands,WPRO,0,0,0,0
2020-04-26,CK,Cook Islands,WPRO,0,0,0,0
2020-05-03,CK,Cook Islands,WPRO,0,0,0,0
2020-05-10,CK,Cook Islands,WPRO,0,0,0,0
2020-05-17,CK,Cook Islands,WPRO,0,0,0,0
2020-05-24,CK,Cook Islands,WPRO,0,0,0,0
2020-05-31,CK,Cook Islands,WPRO,0,0,0,0
2020-06-07,CK,Cook Islands,WPRO,0,0,0,0
2020-06-14,CK,Cook Islands,WPRO,0,0,0,0
2020-06-21,CK,Cook Islands,WPRO,0,0,0,0
2020-06-28,CK,Cook Islands,WPRO,0,0,0,0
2020-07-05,CK,Cook Islands,WPRO,0,0,0,0
2020-07-12,CK,Cook Islands,WPRO,0,0,0,0
2020-07-19,CK,Cook Islands,WPRO,0,0,0,0
2020-07-26,CK,Cook Islands,WPRO,0,0,0,0
2020-08-02,CK,Cook Islands,WPRO,0,0,0,0
2020-08-09,CK,Cook Islands,WPRO,0,0,0,0
2020-08-16,CK,Cook Islands,WPRO,0,0,0,0
2020-08-23,CK,Cook Islands,WPRO,0,0,0,0
2020-08-30,CK,Cook Islands,WPRO,0,0,0,0
2020-09-06,CK,Cook Islands,WPRO,0,0,0,0
2020-09-13,CK,Cook Islands,WPRO,0,0,0,0
2020-09-20,CK,Cook Islands,WPRO,0,0,0,0
2020-09-27,CK,Cook Islands,WPRO,0,0,0,0
2020-10-04,CK,Cook Islands,WPRO,0,0,0,0
2020-10-11,CK,Cook Islands,WPRO,0,0,0,0
2020-10-18,CK,Cook Islands,WPRO,0,0,0,0
2020-10-25,CK,Cook Islands,WPRO,0,0,0,0
2020-11-01,CK,Cook Islands,WPRO,0,0,0,0
2020-11-08,CK,Cook Islands,WPRO,0,0,0,0
2020-11-15,CK,Cook Islands,WPRO,0,0,0,0
2020-11-22,CK,Cook Islands,WPRO,0,0,0,0
2020-11-29,CK,Cook Islands,WPRO,0,0,0,0
2020-12-06,CK,Cook Islands,WPRO,0,0,0,0
2020-12-13,CK,Cook Islands,WPRO,0,0,0,0
2020-12-20,CK,Cook Islands,WPRO,0,0,0,0
2020-12-27,CK,Cook Islands,WPRO,0,0,0,0
2021-01-03,CK,Cook Islands,WPRO,0,0,0,0
2021-01-10,CK,Cook Islands,WPRO,0,0,0,0
2021-01-17,CK,Cook Islands,WPRO,0,0,0,0
2021-01-24,CK,Cook Islands,WPRO,0,0,0,0
2021-01-31,CK,Cook Islands,WPRO,0,0,0,0
2021-02-07,CK,Cook Islands,WPRO,0,0,0,0
2021-02-14,CK,Cook Islands,WPRO,0,0,0,0
2021-02-21,CK,Cook Islands,WPRO,0,0,0,0
2021-02-28,CK,Cook Islands,WPRO,0,0,0,0
2021-03-07,CK,Cook Islands,WPRO,0,0,0,0
2021-03-14,CK,Cook Islands,WPRO,0,0,0,0
2021-03-21,CK,Cook Islands,WPRO,0,0,0,0
2021-03-28,CK,Cook Islands,WPRO,0,0,0,0
2021-04-04,CK,Cook Islands,WPRO,0,0,0,0
2021-04-11,CK,Cook Islands,WPRO,0,0,0,0
2021-04-18,CK,Cook Islands,WPRO,0,0,0,0
2021-04-25,CK,Cook Islands,WPRO,0,0,0,0
2021-05-02,CK,Cook Islands,WPRO,0,0,0,0
2021-05-09,CK,Cook Islands,WPRO,0,0,0,0
2021-05-16,CK,Cook Islands,WPRO,0,0,0,0
2021-05-23,CK,Cook Islands,WPRO,0,0,0,0
2021-05-30,CK,Cook Islands,WPRO,0,0,0,0
2021-06-06,CK,Cook Islands,WPRO,0,0,0,0
2021-06-13,CK,Cook Islands,WPRO,0,0,0,0
2021-06-20,CK,Cook Islands,WPRO,0,0,0,0
2021-06-27,CK,Cook Islands,WPRO,0,0,0,0
2021-07-04,CK,Cook Islands,WPRO,0,0,0,0
2021-07-11,CK,Cook Islands,WPRO,0,0,0,0
2021-07-18,CK,Cook Islands,WPRO,0,0,0,0
2021-07-25,CK,Cook Islands,WPRO,0,0,0,0
2021-08-01,CK,Cook Islands,WPRO,0,0,0,0
2021-08-08,CK,Cook Islands,WPRO,0,0,0,0
2021-08-15,CK,Cook Islands,WPRO,0,0,0,0
2021-08-22,CK,Cook Islands,WPRO,0,0,0,0
2021-08-29,CK,Cook Islands,WPRO,0,0,0,0
2021-09-05,CK,Cook Islands,WPRO,0,0,0,0
2021-09-12,CK,Cook Islands,WPRO,0,0,0,0
2021-09-19,CK,Cook Islands,WPRO,0,0,0,0
2021-09-26,CK,Cook Islands,WPRO,0,0,0,0
2021-10-03,CK,Cook Islands,WPRO,0,0,0,0
2021-10-10,CK,Cook Islands,WPRO,0,0,0,0
2021-10-17,CK,Cook Islands,WPRO,0,0,0,0
2021-10-24,CK,Cook Islands,WPRO,0,0,0,0
2021-10-31,CK,Cook Islands,WPRO,0,0,0,0
2021-11-07,CK,Cook Islands,WPRO,0,0,0,0
2021-11-14,CK,Cook Islands,WPRO,0,0,0,0
2021-11-21,CK,Cook Islands,WPRO,0,0,0,0
2021-11-28,CK,Cook Islands,WPRO,0,0,0,0
2021-12-05,CK,Cook Islands,WPRO,0,0,0,0
2021-12-12,CK,Cook Islands,WPRO,0,0,0,0
2021-12-19,CK,Cook Islands,WPRO,0,0,0,0
2021-12-26,CK,Cook Islands,WPRO,0,0,0,0
2022-01-02,CK,Cook Islands,WPRO,0,0,0,0
2022-01-09,CK,Cook Islands,WPRO,0,0,0,0
2022-01-16,CK,Cook Islands,WPRO,0,0,0,0
2022-01-23,CK,Cook Islands,WPRO,0,0,0,0
2022-01-30,CK,Cook Islands,WPRO,0,0,0,0
2022-02-06,CK,Cook Islands,WPRO,0,0,0,0
2022-02-13,CK,Cook Islands,WPRO,0,0,0,0
2022-02-20,CK,Cook Islands,WPRO,4,4,0,0
2022-02-27,CK,Cook Islands,WPRO,6,10,0,0
2022-03-06,CK,Cook Islands,WPRO,122,132,0,0
2022-03-13,CK,Cook Islands,WPRO,206,338,0,0
2022-03-20,CK,Cook Islands,WPRO,446,784,0,0
2022-03-27,CK,Cook Islands,WPRO,611,1395,0,0
2022-04-03,CK,Cook Islands,WPRO,1011,2406,0,0
2022-04-10,CK,Cook Islands,WPRO,765,3171,0,0
2022-04-17,CK,Cook Islands,WPRO,517,3688,0,0
2022-04-24,CK,Cook Islands,WPRO,1039,4727,1,1
2022-05-01,CK,Cook Islands,WPRO,343,5070,0,1
2022-05-08,CK,Cook Islands,WPRO,197,5267,0,1
2022-05-15,CK,Cook Islands,WPRO,148,5415,0,1
2022-05-22,CK,Cook Islands,WPRO,128,5543,0,1
2022-05-29,CK,Cook Islands,WPRO,93,5636,0,1
2022-06-05,CK,Cook Islands,WPRO,61,5697,0,1
2022-06-12,CK,Cook Islands,WPRO,20,5717,0,1
2022-06-19,CK,Cook Islands,WPRO,10,5727,0,1
2022-06-26,CK,Cook Islands,WPRO,41,5768,0,1
2022-07-03,CK,Cook Islands,WPRO,6,5774,0,1
2022-07-10,CK,Cook Islands,WPRO,20,5794,0,1
2022-07-17,CK,Cook Islands,WPRO,20,5814,0,1
2022-07-24,CK,Cook Islands,WPRO,33,5847,0,1
2022-07-31,CK,Cook Islands,WPRO,195,6042,0,1
2022-08-07,CK,Cook Islands,WPRO,87,6129,0,1
2022-08-14,CK,Cook Islands,WPRO,80,6209,0,1
2022-08-21,CK,Cook Islands,WPRO,56,6265,0,1
2022-08-28,CK,Cook Islands,WPRO,0,6265,0,1
2022-09-04,CK,Cook Islands,WPRO,108,6373,0,1
2022-09-11,CK,Cook Islands,WPRO,13,6386,0,1
2022-09-18,CK,Cook Islands,WPRO,3,6389,0,1
2022-09-25,CK,Cook Islands,WPRO,0,6389,0,1
2022-10-02,CK,Cook Islands,WPRO,0,6389,0,1
2022-10-09,CK,Cook Islands,WPRO,0,6389,0,1
2022-10-16,CK,Cook Islands,WPRO,0,6389,0,1
2022-10-23,CK,Cook Islands,WPRO,0,6389,0,1
2022-10-30,CK,Cook Islands,WPRO,0,6389,0,1
2022-11-06,CK,Cook Islands,WPRO,0,6389,0,1
2022-11-13,CK,Cook Islands,WPRO,0,6389,0,1
2022-11-20,CK,Cook Islands,WPRO,0,6389,0,1
2022-11-27,CK,Cook Islands,WPRO,0,6389,0,1
2022-12-04,CK,Cook Islands,WPRO,0,6389,0,1
2022-12-11,CK,Cook Islands,WPRO,0,6389,0,1
2022-12-18,CK,Cook Islands,WPRO,0,6389,0,1
2022-12-25,CK,Cook Islands,WPRO,236,6625,0,1
2023-01-01,CK,Cook Islands,WPRO,85,6710,0,1
2023-01-08,CK,Cook Islands,WPRO,134,6844,0,1
2023-01-15,CK,Cook Islands,WPRO,108,6952,0,1
2023-01-22,CK,Cook Islands,WPRO,36,6988,0,1
2023-01-29,CK,Cook Islands,WPRO,11,6999,0,1
2023-02-05,CK,Cook Islands,WPRO,20,7019,1,2
2023-02-12,CK,Cook Islands,WPRO,3,7022,0,2
2023-02-19,CK,Cook Islands,WPRO,4,7026,0,2
2023-02-26,CK,Cook Islands,WPRO,2,7028,0,2
2023-03-05,CK,Cook Islands,WPRO,1,7029,0,2
2023-03-12,CK,Cook Islands,WPRO,3,7032,0,2
2023-03-19,CK,Cook Islands,WPRO,1,7033,0,2
2023-03-26,CK,Cook Islands,WPRO,4,7037,0,2
2023-04-02,CK,Cook Islands,WPRO,5,7042,0,2
2023-04-09,CK,Cook Islands,WPRO,8,7050,0,2
2023-04-16,CK,Cook Islands,WPRO,5,7055,0,2
2023-04-23,CK,Cook Islands,WPRO,4,7059,0,2
2023-04-30,CK,Cook Islands,WPRO,3,7062,0,2
2023-05-07,CK,Cook Islands,WPRO,5,7067,0,2
2023-05-14,CK,Cook Islands,WPRO,12,7079,0,2
2023-05-21,CK,Cook Islands,WPRO,27,7106,0,2
2023-05-28,CK,Cook Islands,WPRO,14,7120,0,2
2023-06-04,CK,Cook Islands,WPRO,8,7128,0,2
2023-06-11,CK,Cook Islands,WPRO,9,7137,0,2
2023-06-18,CK,Cook Islands,WPRO,5,7142,0,2
2023-06-25,CK,Cook Islands,WPRO,1,7143,0,2
2023-07-02,CK,Cook Islands,WPRO,1,7144,0,2
2023-07-09,CK,Cook Islands,WPRO,0,7144,0,2
2023-07-16,CK,Cook Islands,WPRO,3,7147,0,2
2023-07-23,CK,Cook Islands,WPRO,2,7149,0,2
2023-07-30,CK,Cook Islands,WPRO,2,7151,0,2
2023-08-06,CK,Cook Islands,WPRO,1,7152,0,2
2023-08-13,CK,Cook Islands,WPRO,0,7152,0,2
2023-08-20,CK,Cook Islands,WPRO,0,7152,0,2
2023-08-27,CK,Cook Islands,WPRO,0,7152,0,2
2023-09-03,CK,Cook Islands,WPRO,0,7152,0,2
2023-09-10,CK,Cook Islands,WPRO,0,7152,0,2
2023-09-17,CK,Cook Islands,WPRO,6,7158,0,2
2023-09-24,CK,Cook Islands,WPRO,0,7158,0,2
2023-10-01,CK,Cook Islands,WPRO,0,7158,0,2
2023-10-08,CK,Cook Islands,WPRO,0,7158,0,2
2023-10-15,CK,Cook Islands,WPRO,10,7168,0,2
2023-10-22,CK,Cook Islands,WPRO,0,7168,0,2
2023-10-29,CK,Cook Islands,WPRO,0,7168,0,2
2023-11-05,CK,Cook Islands,WPRO,0,7168,0,2
2023-11-12,CK,Cook Islands,WPRO,0,7168,0,2
2023-11-19,CK,Cook Islands,WPRO,4,7172,0,2
2023-11-26,CK,Cook Islands,WPRO,2,7174,0,2
2023-12-03,CK,Cook Islands,WPRO,0,7174,0,2
2023-12-10,CK,Cook Islands,WPRO,0,7174,0,2
2023-12-17,CK,Cook Islands,WPRO,29,7203,0,2
2023-12-24,CK,Cook Islands,WPRO,0,7203,0,2
2023-12-31,CK,Cook Islands,WPRO,0,7203,0,2
2020-01-05,CR,Costa Rica,AMRO,0,0,0,0
2020-01-12,CR,Costa Rica,AMRO,0,0,0,0
2020-01-19,CR,Costa Rica,AMRO,0,0,0,0
2020-01-26,CR,Costa Rica,AMRO,0,0,0,0
2020-02-02,CR,Costa Rica,AMRO,0,0,0,0
2020-02-09,CR,Costa Rica,AMRO,0,0,0,0
2020-02-16,CR,Costa Rica,AMRO,0,0,0,0
2020-02-23,CR,Costa Rica,AMRO,0,0,0,0
2020-03-01,CR,Costa Rica,AMRO,0,0,0,0
2020-03-08,CR,Costa Rica,AMRO,2,2,0,0
2020-03-15,CR,Costa Rica,AMRO,24,26,0,0
2020-03-22,CR,Costa Rica,AMRO,87,113,2,2
2020-03-29,CR,Costa Rica,AMRO,150,263,0,2
2020-04-05,CR,Costa Rica,AMRO,153,416,0,2
2020-04-12,CR,Costa Rica,AMRO,142,558,1,3
2020-04-19,CR,Costa Rica,AMRO,91,649,1,4
2020-04-26,CR,Costa Rica,AMRO,38,687,2,6
2020-05-03,CR,Costa Rica,AMRO,38,725,0,6
2020-05-10,CR,Costa Rica,AMRO,48,773,0,6
2020-05-17,CR,Costa Rica,AMRO,70,843,2,8
2020-05-24,CR,Costa Rica,AMRO,68,911,2,10
2020-05-31,CR,Costa Rica,AMRO,111,1022,0,10
2020-06-07,CR,Costa Rica,AMRO,206,1228,0,10
2020-06-14,CR,Costa Rica,AMRO,384,1612,2,12
2020-06-21,CR,Costa Rica,AMRO,446,2058,0,12
2020-06-28,CR,Costa Rica,AMRO,778,2836,0,12
2020-07-05,CR,Costa Rica,AMRO,1475,4311,6,18
2020-07-12,CR,Costa Rica,AMRO,2534,6845,8,26
2020-07-19,CR,Costa Rica,AMRO,3124,9969,21,47
2020-07-26,CR,Costa Rica,AMRO,3700,13669,40,87
2020-08-02,CR,Costa Rica,AMRO,4151,17820,63,150
2020-08-09,CR,Costa Rica,AMRO,4261,22081,68,218
2020-08-16,CR,Costa Rica,AMRO,4850,26931,63,281
2020-08-23,CR,Costa Rica,AMRO,5203,32134,59,340
2020-08-30,CR,Costa Rica,AMRO,6351,38485,67,407
2020-09-06,CR,Costa Rica,AMRO,7195,45680,62,469
2020-09-13,CR,Costa Rica,AMRO,8289,53969,114,583
2020-09-20,CR,Costa Rica,AMRO,8405,62374,103,686
2020-09-27,CR,Costa Rica,AMRO,8442,70816,126,812
2020-10-04,CR,Costa Rica,AMRO,7013,77829,118,930
2020-10-11,CR,Costa Rica,AMRO,8224,86053,125,1055
2020-10-18,CR,Costa Rica,AMRO,8295,94348,113,1168
2020-10-25,CR,Costa Rica,AMRO,7478,101826,97,1265
2020-11-01,CR,Costa Rica,AMRO,7040,108866,106,1371
2020-11-08,CR,Costa Rica,AMRO,6551,115417,82,1453
2020-11-15,CR,Costa Rica,AMRO,6706,122123,84,1537
2020-11-22,CR,Costa Rica,AMRO,7295,129418,71,1608
2020-11-29,CR,Costa Rica,AMRO,7675,137093,82,1690
2020-12-06,CR,Costa Rica,AMRO,6592,143685,83,1773
2020-12-13,CR,Costa Rica,AMRO,7262,150947,122,1895
2020-12-20,CR,Costa Rica,AMRO,6525,157472,101,1996
2020-12-27,CR,Costa Rica,AMRO,6590,164062,107,2103
2021-01-03,CR,Costa Rica,AMRO,6529,170591,90,2193
2021-01-10,CR,Costa Rica,AMRO,7023,177614,112,2305
2021-01-17,CR,Costa Rica,AMRO,6573,184187,111,2416
2021-01-24,CR,Costa Rica,AMRO,5121,189308,102,2518
2021-01-31,CR,Costa Rica,AMRO,3968,193276,86,2604
2021-02-07,CR,Costa Rica,AMRO,3162,196438,68,2672
2021-02-14,CR,Costa Rica,AMRO,2749,199187,42,2714
2021-02-21,CR,Costa Rica,AMRO,2491,201678,49,2763
2021-02-28,CR,Costa Rica,AMRO,2663,204341,37,2800
2021-03-07,CR,Costa Rica,AMRO,2299,206640,33,2833
2021-03-14,CR,Costa Rica,AMRO,2453,209093,29,2862
2021-03-21,CR,Costa Rica,AMRO,2810,211903,34,2896
2021-03-28,CR,Costa Rica,AMRO,3275,215178,35,2931
2021-04-04,CR,Costa Rica,AMRO,2978,218156,43,2974
2021-04-11,CR,Costa Rica,AMRO,4388,222544,44,3018
2021-04-18,CR,Costa Rica,AMRO,6033,228577,53,3071
2021-04-25,CR,Costa Rica,AMRO,8353,236930,65,3136
2021-05-02,CR,Costa Rica,AMRO,14061,250991,95,3231
2021-05-09,CR,Costa Rica,AMRO,14495,265486,134,3365
2021-05-16,CR,Costa Rica,AMRO,17255,282741,182,3547
2021-05-23,CR,Costa Rica,AMRO,16478,299219,218,3765
2021-05-30,CR,Costa Rica,AMRO,14883,314102,197,3962
2021-06-06,CR,Costa Rica,AMRO,13877,327979,191,4153
2021-06-13,CR,Costa Rica,AMRO,11921,339900,169,4322
2021-06-20,CR,Costa Rica,AMRO,10730,350630,151,4473
2021-06-27,CR,Costa Rica,AMRO,10375,361005,129,4602
2021-07-04,CR,Costa Rica,AMRO,10201,371206,84,4686
2021-07-11,CR,Costa Rica,AMRO,9276,380482,87,4773
2021-07-18,CR,Costa Rica,AMRO,9316,389798,101,4874
2021-07-25,CR,Costa Rica,AMRO,8810,398608,67,4941
2021-08-01,CR,Costa Rica,AMRO,8206,406814,89,5030
2021-08-08,CR,Costa Rica,AMRO,9863,416677,94,5124
2021-08-15,CR,Costa Rica,AMRO,11618,428295,87,5211
2021-08-22,CR,Costa Rica,AMRO,12352,440647,101,5312
2021-08-29,CR,Costa Rica,AMRO,15137,455784,119,5431
2021-09-05,CR,Costa Rica,AMRO,16531,472315,137,5568
2021-09-12,CR,Costa Rica,AMRO,17469,489784,186,5754
2021-09-19,CR,Costa Rica,AMRO,15379,505163,195,5949
2021-09-26,CR,Costa Rica,AMRO,16019,521182,240,6189
2021-10-03,CR,Costa Rica,AMRO,12691,533873,224,6413
2021-10-10,CR,Costa Rica,AMRO,10148,544021,199,6612
2021-10-17,CR,Costa Rica,AMRO,7123,551144,185,6797
2021-10-24,CR,Costa Rica,AMRO,4826,555970,149,6946
2021-10-31,CR,Costa Rica,AMRO,3728,559698,83,7029
2021-11-07,CR,Costa Rica,AMRO,2618,562316,105,7134
2021-11-14,CR,Costa Rica,AMRO,1843,564159,63,7197
2021-11-21,CR,Costa Rica,AMRO,1389,565548,54,7251
2021-11-28,CR,Costa Rica,AMRO,1012,566560,36,7287
2021-12-05,CR,Costa Rica,AMRO,823,567383,25,7312
2021-12-12,CR,Costa Rica,AMRO,612,567995,20,7332
2021-12-19,CR,Costa Rica,AMRO,543,568538,8,7340
2021-12-26,CR,Costa Rica,AMRO,985,569523,9,7349
2022-01-02,CR,Costa Rica,AMRO,3025,572548,8,7357
2022-01-09,CR,Costa Rica,AMRO,11999,584547,15,7372
2022-01-16,CR,Costa Rica,AMRO,25335,609882,34,7406
2022-01-23,CR,Costa Rica,AMRO,33614,643496,45,7451
2022-01-30,CR,Costa Rica,AMRO,38984,682480,82,7533
2022-02-06,CR,Costa Rica,AMRO,39491,721971,108,7641
2022-02-13,CR,Costa Rica,AMRO,35122,757093,131,7772
2022-02-20,CR,Costa Rica,AMRO,26344,783437,122,7894
2022-02-27,CR,Costa Rica,AMRO,19035,802472,105,7999
2022-03-06,CR,Costa Rica,AMRO,12111,814583,83,8082
2022-03-13,CR,Costa Rica,AMRO,8352,822935,78,8160
2022-03-20,CR,Costa Rica,AMRO,6465,829400,66,8226
2022-03-27,CR,Costa Rica,AMRO,5326,834726,40,8266
2022-04-03,CR,Costa Rica,AMRO,4642,839368,42,8308
2022-04-10,CR,Costa Rica,AMRO,4116,843484,35,8343
2022-04-17,CR,Costa Rica,AMRO,2658,846142,22,8365
2022-04-24,CR,Costa Rica,AMRO,1642,847784,18,8383
2022-05-01,CR,Costa Rica,AMRO,4290,852074,22,8405
2022-05-08,CR,Costa Rica,AMRO,5216,857290,16,8421
2022-05-15,CR,Costa Rica,AMRO,8874,866164,23,8444
2022-05-22,CR,Costa Rica,AMRO,11369,877533,28,8472
2022-05-29,CR,Costa Rica,AMRO,13505,891038,23,8495
2022-06-05,CR,Costa Rica,AMRO,13896,904934,30,8525
2022-06-12,CR,Costa Rica,AMRO,14938,919872,8,8533
2022-06-19,CR,Costa Rica,AMRO,16554,936426,0,8533
2022-06-26,CR,Costa Rica,AMRO,17324,953750,26,8559
2022-07-03,CR,Costa Rica,AMRO,18010,971760,38,8597
2022-07-10,CR,Costa Rica,AMRO,20357,992117,27,8624
2022-07-17,CR,Costa Rica,AMRO,17220,1009337,29,8653
2022-07-24,CR,Costa Rica,AMRO,19038,1028375,37,8690
2022-07-31,CR,Costa Rica,AMRO,16010,1044385,50,8740
2022-08-07,CR,Costa Rica,AMRO,13310,1057695,34,8774
2022-08-14,CR,Costa Rica,AMRO,11467,1069162,26,8800
2022-08-21,CR,Costa Rica,AMRO,10663,1079825,28,8828
2022-08-28,CR,Costa Rica,AMRO,8891,1088716,28,8856
2022-09-04,CR,Costa Rica,AMRO,8913,1097629,31,8887
2022-09-11,CR,Costa Rica,AMRO,8163,1105792,26,8913
2022-09-18,CR,Costa Rica,AMRO,6177,1111969,20,8933
2022-09-25,CR,Costa Rica,AMRO,6020,1117989,20,8953
2022-10-02,CR,Costa Rica,AMRO,5012,1123001,13,8966
2022-10-09,CR,Costa Rica,AMRO,4601,1127602,8,8974
2022-10-16,CR,Costa Rica,AMRO,2966,1130568,8,8982
2022-10-23,CR,Costa Rica,AMRO,2528,1133096,8,8990
2022-10-30,CR,Costa Rica,AMRO,2617,1135713,9,8999
2022-11-06,CR,Costa Rica,AMRO,2703,1138416,10,9009
2022-11-13,CR,Costa Rica,AMRO,2448,1140864,10,9019
2022-11-20,CR,Costa Rica,AMRO,2733,1143597,12,9031
2022-11-27,CR,Costa Rica,AMRO,2538,1146135,7,9038
2022-12-04,CR,Costa Rica,AMRO,2779,1148914,8,9046
2022-12-11,CR,Costa Rica,AMRO,3552,1152466,5,9051
2022-12-18,CR,Costa Rica,AMRO,4031,1156497,8,9059
2022-12-25,CR,Costa Rica,AMRO,5190,1161687,13,9072
2023-01-01,CR,Costa Rica,AMRO,5155,1166842,13,9085
2023-01-08,CR,Costa Rica,AMRO,4960,1171802,19,9104
2023-01-15,CR,Costa Rica,AMRO,5712,1177514,19,9123
2023-01-22,CR,Costa Rica,AMRO,4857,1182371,19,9142
2023-01-29,CR,Costa Rica,AMRO,3805,1186176,16,9158
2023-02-05,CR,Costa Rica,AMRO,4201,1190377,23,9181
2023-02-12,CR,Costa Rica,AMRO,4207,1194584,14,9195
2023-02-19,CR,Costa Rica,AMRO,4471,1199055,19,9214
2023-02-26,CR,Costa Rica,AMRO,5109,1204164,16,9230
2023-03-05,CR,Costa Rica,AMRO,5561,1209725,15,9245
2023-03-12,CR,Costa Rica,AMRO,4926,1214651,21,9266
2023-03-19,CR,Costa Rica,AMRO,4423,1219074,25,9291
2023-03-26,CR,Costa Rica,AMRO,3587,1222661,18,9309
2023-04-02,CR,Costa Rica,AMRO,3654,1226315,17,9326
2023-04-09,CR,Costa Rica,AMRO,0,1226315,0,9326
2023-04-16,CR,Costa Rica,AMRO,0,1226315,0,9326
2023-04-23,CR,Costa Rica,AMRO,1231,1227546,13,9339
2023-04-30,CR,Costa Rica,AMRO,1113,1228659,12,9351
2023-05-07,CR,Costa Rica,AMRO,928,1229587,11,9362
2023-05-14,CR,Costa Rica,AMRO,965,1230552,4,9366
2023-05-21,CR,Costa Rica,AMRO,0,1230552,0,9366
2023-05-28,CR,Costa Rica,AMRO,7,1230559,0,9366
2023-06-04,CR,Costa Rica,AMRO,8,1230567,0,9366
2023-06-11,CR,Costa Rica,AMRO,10,1230577,0,9366
2023-06-18,CR,Costa Rica,AMRO,16,1230593,1,9367
2023-06-25,CR,Costa Rica,AMRO,24,1230617,0,9367
2023-07-02,CR,Costa Rica,AMRO,12,1230629,0,9367
2023-07-09,CR,Costa Rica,AMRO,3,1230632,0,9367
2023-07-16,CR,Costa Rica,AMRO,14,1230646,0,9367
2023-07-23,CR,Costa Rica,AMRO,2,1230648,1,9368
2023-07-30,CR,Costa Rica,AMRO,4,1230652,0,9368
2023-08-06,CR,Costa Rica,AMRO,1,1230653,0,9368
2023-08-13,CR,Costa Rica,AMRO,0,1230653,0,9368
2023-08-20,CR,Costa Rica,AMRO,0,1230653,0,9368
2023-08-27,CR,Costa Rica,AMRO,0,1230653,0,9368
2023-09-03,CR,Costa Rica,AMRO,0,1230653,0,9368
2023-09-10,CR,Costa Rica,AMRO,0,1230653,0,9368
2023-09-17,CR,Costa Rica,AMRO,0,1230653,0,9368
2023-09-24,CR,Costa Rica,AMRO,0,1230653,0,9368
2023-10-01,CR,Costa Rica,AMRO,0,1230653,0,9368
2023-10-08,CR,Costa Rica,AMRO,0,1230653,0,9368
2023-10-15,CR,Costa Rica,AMRO,0,1230653,0,9368
2023-10-22,CR,Costa Rica,AMRO,0,1230653,0,9368
2023-10-29,CR,Costa Rica,AMRO,0,1230653,0,9368
2023-11-05,CR,Costa Rica,AMRO,0,1230653,0,9368
2023-11-12,CR,Costa Rica,AMRO,0,1230653,0,9368
2023-11-19,CR,Costa Rica,AMRO,0,1230653,0,9368
2023-11-26,CR,Costa Rica,AMRO,0,1230653,0,9368
2023-12-03,CR,Costa Rica,AMRO,0,1230653,0,9368
2023-12-10,CR,Costa Rica,AMRO,0,1230653,0,9368
2023-12-17,CR,Costa Rica,AMRO,0,1230653,0,9368
2023-12-24,CR,Costa Rica,AMRO,0,1230653,0,9368
2023-12-31,CR,Costa Rica,AMRO,0,1230653,0,9368
2020-01-05,CI,Côte d'Ivoire,AFRO,0,0,0,0
2020-01-12,CI,Côte d'Ivoire,AFRO,0,0,0,0
2020-01-19,CI,Côte d'Ivoire,AFRO,0,0,0,0
2020-01-26,CI,Côte d'Ivoire,AFRO,0,0,0,0
2020-02-02,CI,Côte d'Ivoire,AFRO,0,0,0,0
2020-02-09,CI,Côte d'Ivoire,AFRO,0,0,0,0
2020-02-16,CI,Côte d'Ivoire,AFRO,0,0,0,0
2020-02-23,CI,Côte d'Ivoire,AFRO,0,0,0,0
2020-03-01,CI,Côte d'Ivoire,AFRO,0,0,0,0
2020-03-08,CI,Côte d'Ivoire,AFRO,0,0,0,0
2020-03-15,CI,Côte d'Ivoire,AFRO,9,9,0,0
2020-03-22,CI,Côte d'Ivoire,AFRO,53,62,0,0
2020-03-29,CI,Côte d'Ivoire,AFRO,116,178,0,0
2020-04-05,CI,Côte d'Ivoire,AFRO,160,338,4,4
2020-04-12,CI,Côte d'Ivoire,AFRO,290,628,1,5
2020-04-19,CI,Côte d'Ivoire,AFRO,240,868,4,9
2020-04-26,CI,Côte d'Ivoire,AFRO,282,1150,6,15
2020-05-03,CI,Côte d'Ivoire,AFRO,212,1362,1,16
2020-05-10,CI,Côte d'Ivoire,AFRO,305,1667,6,22
2020-05-17,CI,Côte d'Ivoire,AFRO,394,2061,4,26
2020-05-24,CI,Côte d'Ivoire,AFRO,305,2366,5,31
2020-05-31,CI,Côte d'Ivoire,AFRO,433,2799,3,34
2020-06-07,CI,Côte d'Ivoire,AFRO,758,3557,3,37
2020-06-14,CI,Côte d'Ivoire,AFRO,1291,4848,9,46
2020-06-21,CI,Côte d'Ivoire,AFRO,2428,7276,7,53
2020-06-28,CI,Côte d'Ivoire,AFRO,1668,8944,14,67
2020-07-05,CI,Côte d'Ivoire,AFRO,1300,10244,6,73
2020-07-12,CI,Côte d'Ivoire,AFRO,2199,12443,10,83
2020-07-19,CI,Côte d'Ivoire,AFRO,1469,13912,9,92
2020-07-26,CI,Côte d'Ivoire,AFRO,1582,15494,3,95
2020-08-02,CI,Côte d'Ivoire,AFRO,615,16109,8,103
2020-08-09,CI,Côte d'Ivoire,AFRO,627,16736,2,105
2020-08-16,CI,Côte d'Ivoire,AFRO,378,17114,4,109
2020-08-23,CI,Côte d'Ivoire,AFRO,376,17490,5,114
2020-08-30,CI,Côte d'Ivoire,AFRO,519,18009,2,116
2020-09-06,CI,Côte d'Ivoire,AFRO,579,18588,4,120
2020-09-13,CI,Côte d'Ivoire,AFRO,399,18987,1,121
2020-09-20,CI,Côte d'Ivoire,AFRO,282,19269,0,121
2020-09-27,CI,Côte d'Ivoire,AFRO,331,19600,0,121
2020-10-04,CI,Côte d'Ivoire,AFRO,249,19849,0,121
2020-10-11,CI,Côte d'Ivoire,AFRO,279,20128,0,121
2020-10-18,CI,Côte d'Ivoire,AFRO,173,20301,1,122
2020-10-25,CI,Côte d'Ivoire,AFRO,128,20429,0,122
2020-11-01,CI,Côte d'Ivoire,AFRO,287,20716,5,127
2020-11-08,CI,Côte d'Ivoire,AFRO,141,20857,0,127
2020-11-15,CI,Côte d'Ivoire,AFRO,132,20989,2,129
2020-11-22,CI,Côte d'Ivoire,AFRO,181,21170,1,130
2020-11-29,CI,Côte d'Ivoire,AFRO,135,21305,2,132
2020-12-06,CI,Côte d'Ivoire,AFRO,180,21485,1,133
2020-12-13,CI,Côte d'Ivoire,AFRO,154,21639,1,134
2020-12-20,CI,Côte d'Ivoire,AFRO,133,21772,0,134
2020-12-27,CI,Côte d'Ivoire,AFRO,309,22081,0,134
2021-01-03,CI,Côte d'Ivoire,AFRO,169,22250,4,138
2021-01-10,CI,Côte d'Ivoire,AFRO,1232,23482,2,140
2021-01-17,CI,Côte d'Ivoire,AFRO,1546,25028,2,142
2021-01-24,CI,Côte d'Ivoire,AFRO,1584,26612,4,146
2021-01-31,CI,Côte d'Ivoire,AFRO,1566,28178,7,153
2021-02-07,CI,Côte d'Ivoire,AFRO,1389,29567,10,163
2021-02-14,CI,Côte d'Ivoire,AFRO,1317,30884,11,174
2021-02-21,CI,Côte d'Ivoire,AFRO,1030,31914,11,185
2021-02-28,CI,Côte d'Ivoire,AFRO,717,32631,7,192
2021-03-07,CI,Côte d'Ivoire,AFRO,2304,34935,8,200
2021-03-14,CI,Côte d'Ivoire,AFRO,2369,37304,11,211
2021-03-21,CI,Côte d'Ivoire,AFRO,2609,39913,6,217
2021-03-28,CI,Côte d'Ivoire,AFRO,2555,42468,12,229
2021-04-04,CI,Côte d'Ivoire,AFRO,1858,44326,18,247
2021-04-11,CI,Côte d'Ivoire,AFRO,819,45145,14,261
2021-04-18,CI,Côte d'Ivoire,AFRO,374,45519,13,274
2021-04-25,CI,Côte d'Ivoire,AFRO,301,45820,7,281
2021-05-02,CI,Côte d'Ivoire,AFRO,294,46114,5,286
2021-05-09,CI,Côte d'Ivoire,AFRO,271,46385,5,291
2021-05-16,CI,Côte d'Ivoire,AFRO,234,46619,6,297
2021-05-23,CI,Côte d'Ivoire,AFRO,323,46942,1,298
2021-05-30,CI,Côte d'Ivoire,AFRO,253,47195,3,301
2021-06-06,CI,Côte d'Ivoire,AFRO,281,47476,5,306
2021-06-13,CI,Côte d'Ivoire,AFRO,186,47662,0,306
2021-06-20,CI,Côte d'Ivoire,AFRO,369,48031,1,307
2021-06-27,CI,Côte d'Ivoire,AFRO,145,48176,4,311
2021-07-04,CI,Côte d'Ivoire,AFRO,337,48513,4,315
2021-07-11,CI,Côte d'Ivoire,AFRO,263,48776,3,318
2021-07-18,CI,Côte d'Ivoire,AFRO,349,49125,2,320
2021-07-25,CI,Côte d'Ivoire,AFRO,429,49554,4,324
2021-08-01,CI,Côte d'Ivoire,AFRO,581,50135,5,329
2021-08-08,CI,Côte d'Ivoire,AFRO,1063,51198,12,341
2021-08-15,CI,Côte d'Ivoire,AFRO,1004,52202,18,359
2021-08-22,CI,Côte d'Ivoire,AFRO,1254,53456,30,389
2021-08-29,CI,Côte d'Ivoire,AFRO,1400,54856,35,424
2021-09-05,CI,Côte d'Ivoire,AFRO,1879,56735,40,464
2021-09-12,CI,Côte d'Ivoire,AFRO,1049,57784,42,506
2021-09-19,CI,Côte d'Ivoire,AFRO,1105,58889,55,561
2021-09-26,CI,Côte d'Ivoire,AFRO,889,59778,32,593
2021-10-03,CI,Côte d'Ivoire,AFRO,598,60376,43,636
2021-10-10,CI,Côte d'Ivoire,AFRO,409,60785,23,659
2021-10-17,CI,Côte d'Ivoire,AFRO,197,60982,15,674
2021-10-24,CI,Côte d'Ivoire,AFRO,196,61178,16,690
2021-10-31,CI,Côte d'Ivoire,AFRO,114,61292,5,695
2021-11-07,CI,Côte d'Ivoire,AFRO,112,61404,4,699
2021-11-14,CI,Côte d'Ivoire,AFRO,99,61503,3,702
2021-11-21,CI,Côte d'Ivoire,AFRO,74,61577,0,702
2021-11-28,CI,Côte d'Ivoire,AFRO,127,61704,2,704
2021-12-05,CI,Côte d'Ivoire,AFRO,113,61817,1,705
2021-12-12,CI,Côte d'Ivoire,AFRO,79,61896,1,706
2021-12-19,CI,Côte d'Ivoire,AFRO,181,62077,0,706
2021-12-26,CI,Côte d'Ivoire,AFRO,1770,63847,1,707
2022-01-02,CI,Côte d'Ivoire,AFRO,7968,71815,11,718
2022-01-09,CI,Côte d'Ivoire,AFRO,4917,76732,15,733
2022-01-16,CI,Côte d'Ivoire,AFRO,2356,79088,20,753
2022-01-23,CI,Côte d'Ivoire,AFRO,1026,80114,25,778
2022-01-30,CI,Côte d'Ivoire,AFRO,509,80623,6,784
2022-02-06,CI,Côte d'Ivoire,AFRO,278,80901,2,786
2022-02-13,CI,Côte d'Ivoire,AFRO,217,81118,3,789
2022-02-20,CI,Côte d'Ivoire,AFRO,228,81346,2,791
2022-02-27,CI,Côte d'Ivoire,AFRO,121,81467,1,792
2022-03-06,CI,Côte d'Ivoire,AFRO,79,81546,3,795
2022-03-13,CI,Côte d'Ivoire,AFRO,31,81577,0,795
2022-03-20,CI,Côte d'Ivoire,AFRO,78,81655,1,796
2022-03-27,CI,Côte d'Ivoire,AFRO,42,81697,0,796
2022-04-03,CI,Côte d'Ivoire,AFRO,64,81761,0,796
2022-04-10,CI,Côte d'Ivoire,AFRO,53,81814,0,796
2022-04-17,CI,Côte d'Ivoire,AFRO,43,81857,1,797
2022-04-24,CI,Côte d'Ivoire,AFRO,30,81887,2,799
2022-05-01,CI,Côte d'Ivoire,AFRO,43,81930,0,799
2022-05-08,CI,Côte d'Ivoire,AFRO,40,81970,0,799
2022-05-15,CI,Côte d'Ivoire,AFRO,22,81992,0,799
2022-05-22,CI,Côte d'Ivoire,AFRO,65,82057,0,799
2022-05-29,CI,Côte d'Ivoire,AFRO,126,82183,0,799
2022-06-05,CI,Côte d'Ivoire,AFRO,97,82280,0,799
2022-06-12,CI,Côte d'Ivoire,AFRO,187,82467,0,799
2022-06-19,CI,Côte d'Ivoire,AFRO,192,82659,2,801
2022-06-26,CI,Côte d'Ivoire,AFRO,340,82999,4,805
2022-07-03,CI,Côte d'Ivoire,AFRO,638,83637,0,805
2022-07-10,CI,Côte d'Ivoire,AFRO,405,84042,0,805
2022-07-17,CI,Côte d'Ivoire,AFRO,459,84501,1,806
2022-07-24,CI,Côte d'Ivoire,AFRO,449,84950,3,809
2022-07-31,CI,Côte d'Ivoire,AFRO,356,85306,2,811
2022-08-07,CI,Côte d'Ivoire,AFRO,406,85712,0,811
2022-08-14,CI,Côte d'Ivoire,AFRO,380,86092,4,815
2022-08-21,CI,Côte d'Ivoire,AFRO,348,86440,2,817
2022-08-28,CI,Côte d'Ivoire,AFRO,166,86606,0,817
2022-09-04,CI,Côte d'Ivoire,AFRO,202,86808,2,819
2022-09-11,CI,Côte d'Ivoire,AFRO,111,86919,3,822
2022-09-18,CI,Côte d'Ivoire,AFRO,100,87019,0,822
2022-09-25,CI,Côte d'Ivoire,AFRO,110,87129,1,823
2022-10-02,CI,Côte d'Ivoire,AFRO,129,87258,3,826
2022-10-09,CI,Côte d'Ivoire,AFRO,164,87422,0,826
2022-10-16,CI,Côte d'Ivoire,AFRO,152,87574,1,827
2022-10-23,CI,Côte d'Ivoire,AFRO,119,87693,0,827
2022-10-30,CI,Côte d'Ivoire,AFRO,71,87764,0,827
2022-11-06,CI,Côte d'Ivoire,AFRO,66,87830,2,829
2022-11-13,CI,Côte d'Ivoire,AFRO,24,87854,0,829
2022-11-20,CI,Côte d'Ivoire,AFRO,16,87870,1,830
2022-11-27,CI,Côte d'Ivoire,AFRO,15,87885,0,830
2022-12-04,CI,Côte d'Ivoire,AFRO,2,87887,0,830
2022-12-11,CI,Côte d'Ivoire,AFRO,7,87894,0,830
2022-12-18,CI,Côte d'Ivoire,AFRO,17,87911,0,830
2022-12-25,CI,Côte d'Ivoire,AFRO,22,87933,0,830
2023-01-01,CI,Côte d'Ivoire,AFRO,8,87941,1,831
2023-01-08,CI,Côte d'Ivoire,AFRO,16,87957,2,833
2023-01-15,CI,Côte d'Ivoire,AFRO,3,87960,0,833
2023-01-22,CI,Côte d'Ivoire,AFRO,6,87966,0,833
2023-01-29,CI,Côte d'Ivoire,AFRO,8,87974,0,833
2023-02-05,CI,Côte d'Ivoire,AFRO,26,88000,0,833
2023-02-12,CI,Côte d'Ivoire,AFRO,58,88058,1,834
2023-02-19,CI,Côte d'Ivoire,AFRO,51,88109,0,834
2023-02-26,CI,Côte d'Ivoire,AFRO,73,88182,0,834
2023-03-05,CI,Côte d'Ivoire,AFRO,58,88240,0,834
2023-03-12,CI,Côte d'Ivoire,AFRO,28,88268,0,834
2023-03-19,CI,Côte d'Ivoire,AFRO,25,88293,0,834
2023-03-26,CI,Côte d'Ivoire,AFRO,4,88297,0,834
2023-04-02,CI,Côte d'Ivoire,AFRO,4,88301,0,834
2023-04-09,CI,Côte d'Ivoire,AFRO,7,88308,0,834
2023-04-16,CI,Côte d'Ivoire,AFRO,8,88316,0,834
2023-04-23,CI,Côte d'Ivoire,AFRO,5,88321,0,834
2023-04-30,CI,Côte d'Ivoire,AFRO,2,88323,0,834
2023-05-07,CI,Côte d'Ivoire,AFRO,3,88326,0,834
2023-05-14,CI,Côte d'Ivoire,AFRO,3,88329,0,834
2023-05-21,CI,Côte d'Ivoire,AFRO,1,88330,0,834
2023-05-28,CI,Côte d'Ivoire,AFRO,0,88330,0,834
2023-06-04,CI,Côte d'Ivoire,AFRO,1,88331,1,835
2023-06-11,CI,Côte d'Ivoire,AFRO,1,88332,0,835
2023-06-18,CI,Côte d'Ivoire,AFRO,0,88332,0,835
2023-06-25,CI,Côte d'Ivoire,AFRO,3,88335,0,835
2023-07-02,CI,Côte d'Ivoire,AFRO,1,88336,0,835
2023-07-09,CI,Côte d'Ivoire,AFRO,0,88336,0,835
2023-07-16,CI,Côte d'Ivoire,AFRO,2,88338,0,835
2023-07-23,CI,Côte d'Ivoire,AFRO,0,88338,0,835
2023-07-30,CI,Côte d'Ivoire,AFRO,0,88338,0,835
2023-08-06,CI,Côte d'Ivoire,AFRO,0,88338,0,835
2023-08-13,CI,Côte d'Ivoire,AFRO,0,88338,0,835
2023-08-20,CI,Côte d'Ivoire,AFRO,0,88338,0,835
2023-08-27,CI,Côte d'Ivoire,AFRO,0,88338,0,835
2023-09-03,CI,Côte d'Ivoire,AFRO,0,88338,0,835
2023-09-10,CI,Côte d'Ivoire,AFRO,0,88338,0,835
2023-09-17,CI,Côte d'Ivoire,AFRO,0,88338,0,835
2023-09-24,CI,Côte d'Ivoire,AFRO,0,88338,0,835
2023-10-01,CI,Côte d'Ivoire,AFRO,0,88338,0,835
2023-10-08,CI,Côte d'Ivoire,AFRO,15,88353,0,835
2023-10-15,CI,Côte d'Ivoire,AFRO,0,88353,0,835
2023-10-22,CI,Côte d'Ivoire,AFRO,4,88357,0,835
2023-10-29,CI,Côte d'Ivoire,AFRO,7,88364,0,835
2023-11-05,CI,Côte d'Ivoire,AFRO,4,88368,0,835
2023-11-12,CI,Côte d'Ivoire,AFRO,1,88369,0,835
2023-11-19,CI,Côte d'Ivoire,AFRO,0,88369,0,835
2023-11-26,CI,Côte d'Ivoire,AFRO,11,88380,0,835
2023-12-03,CI,Côte d'Ivoire,AFRO,0,88380,0,835
2023-12-10,CI,Côte d'Ivoire,AFRO,0,88380,0,835
2023-12-17,CI,Côte d'Ivoire,AFRO,4,88384,0,835
2023-12-24,CI,Côte d'Ivoire,AFRO,0,88384,0,835
2023-12-31,CI,Côte d'Ivoire,AFRO,0,88384,0,835
2020-01-05,HR,Croatia,EURO,0,0,0,0
2020-01-12,HR,Croatia,EURO,0,0,0,0
2020-01-19,HR,Croatia,EURO,0,0,0,0
2020-01-26,HR,Croatia,EURO,0,0,0,0
2020-02-02,HR,Croatia,EURO,0,0,0,0
2020-02-09,HR,Croatia,EURO,0,0,0,0
2020-02-16,HR,Croatia,EURO,0,0,0,0
2020-02-23,HR,Croatia,EURO,0,0,0,0
2020-03-01,HR,Croatia,EURO,6,6,0,0
2020-03-08,HR,Croatia,EURO,6,12,0,0
2020-03-15,HR,Croatia,EURO,26,38,0,0
2020-03-22,HR,Croatia,EURO,168,206,1,1
2020-03-29,HR,Croatia,EURO,451,657,4,5
2020-04-05,HR,Croatia,EURO,469,1126,7,12
2020-04-12,HR,Croatia,EURO,408,1534,9,21
2020-04-19,HR,Croatia,EURO,298,1832,18,39
2020-04-26,HR,Croatia,EURO,184,2016,15,54
2020-05-03,HR,Croatia,EURO,72,2088,23,77
2020-05-10,HR,Croatia,EURO,88,2176,10,87
2020-05-17,HR,Croatia,EURO,48,2224,8,95
2020-05-24,HR,Croatia,EURO,19,2243,4,99
2020-05-31,HR,Croatia,EURO,3,2246,4,103
2020-06-07,HR,Croatia,EURO,1,2247,1,104
2020-06-14,HR,Croatia,EURO,4,2251,3,107
2020-06-21,HR,Croatia,EURO,48,2299,0,107
2020-06-28,HR,Croatia,EURO,325,2624,0,107
2020-07-05,HR,Croatia,EURO,470,3094,6,113
2020-07-12,HR,Croatia,EURO,578,3672,5,118
2020-07-19,HR,Croatia,EURO,581,4253,2,120
2020-07-26,HR,Croatia,EURO,539,4792,13,133
2020-08-02,HR,Croatia,EURO,432,5224,12,145
2020-08-09,HR,Croatia,EURO,319,5543,12,157
2020-08-16,HR,Croatia,EURO,877,6420,8,165
2020-08-23,HR,Croatia,EURO,1480,7900,5,170
2020-08-30,HR,Croatia,EURO,1961,9861,13,183
2020-09-06,HR,Croatia,EURO,1878,11739,14,197
2020-09-13,HR,Croatia,EURO,1629,13368,21,218
2020-09-20,HR,Croatia,EURO,1357,14725,26,244
2020-09-27,HR,Croatia,EURO,1282,16007,25,269
2020-10-04,HR,Croatia,EURO,1394,17401,24,293
2020-10-11,HR,Croatia,EURO,2531,19932,24,317
2020-10-18,HR,Croatia,EURO,4829,24761,38,355
2020-10-25,HR,Croatia,EURO,9198,33959,74,429
2020-11-01,HR,Croatia,EURO,15357,49316,117,546
2020-11-08,HR,Croatia,EURO,15388,64704,206,752
2020-11-15,HR,Croatia,EURO,17140,81844,254,1006
2020-11-22,HR,Croatia,EURO,18566,100410,298,1304
2020-11-29,HR,Croatia,EURO,23283,123693,351,1655
2020-12-06,HR,Croatia,EURO,23761,147454,447,2102
2020-12-13,HR,Croatia,EURO,25069,172523,460,2562
2020-12-20,HR,Croatia,EURO,20464,192987,539,3101
2020-12-27,HR,Croatia,EURO,11325,204312,512,3613
2021-01-03,HR,Croatia,EURO,7950,212262,403,4016
2021-01-10,HR,Croatia,EURO,7085,219347,326,4342
2021-01-17,HR,Croatia,EURO,5228,224575,246,4588
2021-01-24,HR,Croatia,EURO,3993,228568,211,4799
2021-01-31,HR,Croatia,EURO,3522,232090,199,4998
2021-02-07,HR,Croatia,EURO,3036,235126,146,5144
2021-02-14,HR,Croatia,EURO,2333,237459,155,5299
2021-02-21,HR,Croatia,EURO,2226,239685,121,5420
2021-02-28,HR,Croatia,EURO,2932,242617,91,5511
2021-03-07,HR,Croatia,EURO,3503,246120,74,5585
2021-03-14,HR,Croatia,EURO,4364,250484,85,5670
2021-03-21,HR,Croatia,EURO,6321,256805,83,5753
2021-03-28,HR,Croatia,EURO,9096,265901,119,5872
2021-04-04,HR,Croatia,EURO,12749,278650,153,6025
2021-04-11,HR,Croatia,EURO,12249,290899,244,6269
2021-04-18,HR,Croatia,EURO,15326,306225,254,6523
2021-04-25,HR,Croatia,EURO,15147,321372,292,6815
2021-05-02,HR,Croatia,EURO,12857,334229,315,7130
2021-05-09,HR,Croatia,EURO,9600,343829,294,7424
2021-05-16,HR,Croatia,EURO,6081,349910,263,7687
2021-05-23,HR,Croatia,EURO,3825,353735,196,7883
2021-05-30,HR,Croatia,EURO,2220,355955,119,8002
2021-06-06,HR,Croatia,EURO,1453,357408,78,8080
2021-06-13,HR,Croatia,EURO,1096,358504,52,8132
2021-06-20,HR,Croatia,EURO,611,359115,37,8169
2021-06-27,HR,Croatia,EURO,492,359607,28,8197
2021-07-04,HR,Croatia,EURO,574,360181,18,8215
2021-07-11,HR,Croatia,EURO,587,360768,12,8227
2021-07-18,HR,Croatia,EURO,720,361488,9,8236
2021-07-25,HR,Croatia,EURO,1008,362496,9,8245
2021-08-01,HR,Croatia,EURO,1119,363615,14,8259
2021-08-08,HR,Croatia,EURO,1217,364832,12,8271
2021-08-15,HR,Croatia,EURO,1892,366724,11,8282
2021-08-22,HR,Croatia,EURO,2668,369392,16,8298
2021-08-29,HR,Croatia,EURO,3422,372814,26,8324
2021-09-05,HR,Croatia,EURO,4485,377299,38,8362
2021-09-12,HR,Croatia,EURO,5809,383108,65,8427
2021-09-19,HR,Croatia,EURO,8001,391109,66,8493
2021-09-26,HR,Croatia,EURO,7945,399054,87,8580
2021-10-03,HR,Croatia,EURO,8701,407755,84,8664
2021-10-10,HR,Croatia,EURO,9195,416950,99,8763
2021-10-17,HR,Croatia,EURO,9663,426613,114,8877
2021-10-24,HR,Croatia,EURO,16419,443032,133,9010
2021-10-31,HR,Croatia,EURO,23997,467029,188,9198
2021-11-07,HR,Croatia,EURO,30139,497168,252,9450
2021-11-14,HR,Croatia,EURO,37433,534601,390,9840
2021-11-21,HR,Croatia,EURO,31517,566118,403,10243
2021-11-28,HR,Croatia,EURO,33859,599977,452,10695
2021-12-05,HR,Croatia,EURO,28264,628241,455,11150
2021-12-12,HR,Croatia,EURO,23622,651863,424,11574
2021-12-19,HR,Croatia,EURO,21564,673427,356,11930
2021-12-26,HR,Croatia,EURO,19675,693102,349,12279
2022-01-02,HR,Croatia,EURO,27436,720538,292,12571
2022-01-09,HR,Croatia,EURO,37734,758272,270,12841
2022-01-16,HR,Croatia,EURO,53431,811703,232,13073
2022-01-23,HR,Croatia,EURO,58262,869965,298,13371
2022-01-30,HR,Croatia,EURO,59537,929502,360,13731
2022-02-06,HR,Croatia,EURO,49498,979000,347,14078
2022-02-13,HR,Croatia,EURO,33703,1012703,346,14424
2022-02-20,HR,Croatia,EURO,26454,1039157,349,14773
2022-02-27,HR,Croatia,EURO,14411,1053568,239,15012
2022-03-06,HR,Croatia,EURO,9385,1062953,182,15194
2022-03-13,HR,Croatia,EURO,9477,1072430,127,15321
2022-03-20,HR,Croatia,EURO,10681,1083111,104,15425
2022-03-27,HR,Croatia,EURO,9987,1093098,84,15509
2022-04-03,HR,Croatia,EURO,8823,1101921,83,15592
2022-04-10,HR,Croatia,EURO,6630,1108551,83,15675
2022-04-17,HR,Croatia,EURO,4584,1113135,50,15725
2022-04-24,HR,Croatia,EURO,4040,1117175,53,15778
2022-05-01,HR,Croatia,EURO,5284,1122459,50,15828
2022-05-08,HR,Croatia,EURO,4877,1127336,53,15881
2022-05-15,HR,Croatia,EURO,3769,1131105,44,15925
2022-05-22,HR,Croatia,EURO,2922,1134027,36,15961
2022-05-29,HR,Croatia,EURO,2202,1136229,18,15979
2022-06-05,HR,Croatia,EURO,1635,1137864,19,15998
2022-06-12,HR,Croatia,EURO,1799,1139663,18,16016
2022-06-19,HR,Croatia,EURO,1913,1141576,11,16027
2022-06-26,HR,Croatia,EURO,3477,1145053,21,16048
2022-07-03,HR,Croatia,EURO,5600,1150653,25,16073
2022-07-10,HR,Croatia,EURO,7767,1158420,30,16103
2022-07-17,HR,Croatia,EURO,8712,1167132,44,16147
2022-07-24,HR,Croatia,EURO,9387,1176519,59,16206
2022-07-31,HR,Croatia,EURO,9280,1185799,94,16300
2022-08-07,HR,Croatia,EURO,6756,1192555,89,16389
2022-08-14,HR,Croatia,EURO,7558,1200113,95,16484
2022-08-21,HR,Croatia,EURO,5835,1205948,75,16559
2022-08-28,HR,Croatia,EURO,5471,1211419,87,16646
2022-09-04,HR,Croatia,EURO,4580,1215999,86,16732
2022-09-11,HR,Croatia,EURO,4016,1220015,60,16792
2022-09-18,HR,Croatia,EURO,4351,1224366,45,16837
2022-09-25,HR,Croatia,EURO,4208,1228574,38,16875
2022-10-02,HR,Croatia,EURO,4686,1233260,37,16912
2022-10-09,HR,Croatia,EURO,4427,1237687,47,16959
2022-10-16,HR,Croatia,EURO,3696,1241383,53,17012
2022-10-23,HR,Croatia,EURO,2982,1244365,58,17070
2022-10-30,HR,Croatia,EURO,2366,1246731,58,17128
2022-11-06,HR,Croatia,EURO,1719,1248450,57,17185
2022-11-13,HR,Croatia,EURO,1493,1249943,33,17218
2022-11-20,HR,Croatia,EURO,1282,1251225,42,17260
2022-11-27,HR,Croatia,EURO,1661,1252886,32,17292
2022-12-04,HR,Croatia,EURO,1758,1254644,47,17339
2022-12-11,HR,Croatia,EURO,2174,1256818,57,17396
2022-12-18,HR,Croatia,EURO,2295,1259113,51,17447
2022-12-25,HR,Croatia,EURO,2653,1261766,68,17515
2023-01-01,HR,Croatia,EURO,2135,1263901,81,17596
2023-01-08,HR,Croatia,EURO,1432,1265333,73,17669
2023-01-15,HR,Croatia,EURO,1072,1266405,90,17759
2023-01-22,HR,Croatia,EURO,616,1267021,50,17809
2023-01-29,HR,Croatia,EURO,446,1267467,49,17858
2023-02-05,HR,Croatia,EURO,383,1267850,33,17891
2023-02-12,HR,Croatia,EURO,335,1268185,30,17921
2023-02-19,HR,Croatia,EURO,376,1268561,21,17942
2023-02-26,HR,Croatia,EURO,105,1268666,8,17950
2023-03-05,HR,Croatia,EURO,326,1268992,21,17971
2023-03-12,HR,Croatia,EURO,334,1269326,16,17987
2023-03-19,HR,Croatia,EURO,361,1269687,19,18006
2023-03-26,HR,Croatia,EURO,388,1270075,19,18025
2023-04-02,HR,Croatia,EURO,438,1270513,19,18044
2023-04-09,HR,Croatia,EURO,378,1270891,25,18069
2023-04-16,HR,Croatia,EURO,385,1271276,22,18091
2023-04-23,HR,Croatia,EURO,542,1271818,38,18129
2023-04-30,HR,Croatia,EURO,559,1272377,26,18155
2023-05-07,HR,Croatia,EURO,509,1272886,25,18180
2023-05-14,HR,Croatia,EURO,370,1273256,33,18213
2023-05-21,HR,Croatia,EURO,252,1273508,17,18230
2023-05-28,HR,Croatia,EURO,163,1273671,16,18246
2023-06-04,HR,Croatia,EURO,124,1273795,9,18255
2023-06-11,HR,Croatia,EURO,76,1273871,11,18266
2023-06-18,HR,Croatia,EURO,36,1273907,1,18267
2023-06-25,HR,Croatia,EURO,52,1273959,2,18269
2023-07-02,HR,Croatia,EURO,32,1273991,4,18273
2023-07-09,HR,Croatia,EURO,23,1274014,2,18275
2023-07-16,HR,Croatia,EURO,26,1274040,1,18276
2023-07-23,HR,Croatia,EURO,28,1274068,5,18281
2023-07-30,HR,Croatia,EURO,22,1274090,1,18282
2023-08-06,HR,Croatia,EURO,33,1274123,4,18286
2023-08-13,HR,Croatia,EURO,31,1274154,2,18288
2023-08-20,HR,Croatia,EURO,44,1274198,2,18290
2023-08-27,HR,Croatia,EURO,83,1274281,2,18292
2023-09-03,HR,Croatia,EURO,153,1274434,5,18297
2023-09-10,HR,Croatia,EURO,169,1274603,9,18306
2023-09-17,HR,Croatia,EURO,231,1274834,12,18318
2023-09-24,HR,Croatia,EURO,237,1275071,14,18332
2023-10-01,HR,Croatia,EURO,266,1275337,19,18351
2023-10-08,HR,Croatia,EURO,222,1275559,7,18358
2023-10-15,HR,Croatia,EURO,203,1275762,16,18374
2023-10-22,HR,Croatia,EURO,239,1276001,23,18397
2023-10-29,HR,Croatia,EURO,215,1276216,17,18414
2023-11-05,HR,Croatia,EURO,1692,1277908,19,18433
2023-11-12,HR,Croatia,EURO,1982,1279890,13,18446
2023-11-19,HR,Croatia,EURO,2535,1282425,24,18470
2023-11-26,HR,Croatia,EURO,3035,1285460,17,18487
2023-12-03,HR,Croatia,EURO,0,1285460,0,18487
2023-12-10,HR,Croatia,EURO,0,1285460,0,18487
2023-12-17,HR,Croatia,EURO,0,1285460,0,18487
2023-12-24,HR,Croatia,EURO,0,1285460,0,18487
2023-12-31,HR,Croatia,EURO,0,1285460,0,18487
2020-01-05,CU,Cuba,AMRO,0,0,0,0
2020-01-12,CU,Cuba,AMRO,0,0,0,0
2020-01-19,CU,Cuba,AMRO,0,0,0,0
2020-01-26,CU,Cuba,AMRO,0,0,0,0
2020-02-02,CU,Cuba,AMRO,0,0,0,0
2020-02-09,CU,Cuba,AMRO,0,0,0,0
2020-02-16,CU,Cuba,AMRO,0,0,0,0
2020-02-23,CU,Cuba,AMRO,0,0,0,0
2020-03-01,CU,Cuba,AMRO,0,0,0,0
2020-03-08,CU,Cuba,AMRO,0,0,0,0
2020-03-15,CU,Cuba,AMRO,4,4,0,0
2020-03-22,CU,Cuba,AMRO,12,16,1,1
2020-03-29,CU,Cuba,AMRO,103,119,2,3
2020-04-05,CU,Cuba,AMRO,169,288,3,6
2020-04-12,CU,Cuba,AMRO,332,620,10,16
2020-04-19,CU,Cuba,AMRO,366,986,16,32
2020-04-26,CU,Cuba,AMRO,351,1337,19,51
2020-05-03,CU,Cuba,AMRO,274,1611,15,66
2020-05-10,CU,Cuba,AMRO,143,1754,8,74
2020-05-17,CU,Cuba,AMRO,108,1862,5,79
2020-05-24,CU,Cuba,AMRO,69,1931,2,81
2020-05-31,CU,Cuba,AMRO,94,2025,2,83
2020-06-07,CU,Cuba,AMRO,148,2173,0,83
2020-06-14,CU,Cuba,AMRO,65,2238,1,84
2020-06-21,CU,Cuba,AMRO,71,2309,1,85
2020-06-28,CU,Cuba,AMRO,21,2330,1,86
2020-07-05,CU,Cuba,AMRO,39,2369,0,86
2020-07-12,CU,Cuba,AMRO,51,2420,1,87
2020-07-19,CU,Cuba,AMRO,25,2445,0,87
2020-07-26,CU,Cuba,AMRO,33,2478,0,87
2020-08-02,CU,Cuba,AMRO,155,2633,0,87
2020-08-09,CU,Cuba,AMRO,255,2888,1,88
2020-08-16,CU,Cuba,AMRO,404,3292,0,88
2020-08-23,CU,Cuba,AMRO,325,3617,1,89
2020-08-30,CU,Cuba,AMRO,308,3925,5,94
2020-09-06,CU,Cuba,AMRO,373,4298,6,100
2020-09-13,CU,Cuba,AMRO,355,4653,8,108
2020-09-20,CU,Cuba,AMRO,402,5055,5,113
2020-09-27,CU,Cuba,AMRO,357,5412,7,120
2020-10-04,CU,Cuba,AMRO,368,5780,2,122
2020-10-11,CU,Cuba,AMRO,168,5948,1,123
2020-10-18,CU,Cuba,AMRO,222,6170,2,125
2020-10-25,CU,Cuba,AMRO,364,6534,3,128
2020-11-01,CU,Cuba,AMRO,353,6887,0,128
2020-11-08,CU,Cuba,AMRO,380,7267,2,130
2020-11-15,CU,Cuba,AMRO,301,7568,1,131
2020-11-22,CU,Cuba,AMRO,230,7798,1,132
2020-11-29,CU,Cuba,AMRO,375,8173,1,133
2020-12-06,CU,Cuba,AMRO,541,8714,3,136
2020-12-13,CU,Cuba,AMRO,640,9354,1,137
2020-12-20,CU,Cuba,AMRO,670,10024,0,137
2020-12-27,CU,Cuba,AMRO,1014,11038,4,141
2021-01-03,CU,Cuba,AMRO,1187,12225,5,146
2021-01-10,CU,Cuba,AMRO,1963,14188,2,148
2021-01-17,CU,Cuba,AMRO,3313,17501,18,166
2021-01-24,CU,Cuba,AMRO,3126,20627,25,191
2021-01-31,CU,Cuba,AMRO,5047,25674,22,213
2021-02-07,CU,Cuba,AMRO,6337,32011,20,233
2021-02-14,CU,Cuba,AMRO,5472,37483,28,261
2021-02-21,CU,Cuba,AMRO,6001,43484,30,291
2021-02-28,CU,Cuba,AMRO,5677,49161,27,318
2021-03-07,CU,Cuba,AMRO,5674,54835,26,344
2021-03-14,CU,Cuba,AMRO,5723,60558,22,366
2021-03-21,CU,Cuba,AMRO,5404,65962,26,392
2021-03-28,CU,Cuba,AMRO,5622,71584,22,414
2021-04-04,CU,Cuba,AMRO,6798,78382,17,431
2021-04-11,CU,Cuba,AMRO,7190,85572,22,453
2021-04-18,CU,Cuba,AMRO,6902,92474,59,512
2021-04-25,CU,Cuba,AMRO,7844,100318,69,581
2021-05-02,CU,Cuba,AMRO,7304,107622,73,654
2021-05-09,CU,Cuba,AMRO,7290,114912,68,722
2021-05-16,CU,Cuba,AMRO,8309,123221,74,796
2021-05-23,CU,Cuba,AMRO,8611,131832,67,863
2021-05-30,CU,Cuba,AMRO,8255,140087,80,943
2021-06-06,CU,Cuba,AMRO,7744,147831,60,1003
2021-06-13,CU,Cuba,AMRO,8407,156238,54,1057
2021-06-20,CU,Cuba,AMRO,10130,166368,91,1148
2021-06-27,CU,Cuba,AMRO,13288,179656,83,1231
2021-07-04,CU,Cuba,AMRO,21072,200728,106,1337
2021-07-11,CU,Cuba,AMRO,30840,231568,122,1459
2021-07-18,CU,Cuba,AMRO,44040,275608,384,1843
2021-07-25,CU,Cuba,AMRO,48507,324115,428,2271
2021-08-01,CU,Cuba,AMRO,60481,384596,487,2758
2021-08-08,CU,Cuba,AMRO,64196,448792,597,3355
2021-08-15,CU,Cuba,AMRO,60240,509032,570,3925
2021-08-22,CU,Cuba,AMRO,64719,573751,556,4481
2021-08-29,CU,Cuba,AMRO,60410,634161,586,5067
2021-09-05,CU,Cuba,AMRO,46292,680453,550,5617
2021-09-12,CU,Cuba,AMRO,56715,737168,602,6219
2021-09-19,CU,Cuba,AMRO,55765,792933,514,6733
2021-09-26,CU,Cuba,AMRO,54561,847494,430,7163
2021-10-03,CU,Cuba,AMRO,39856,887350,371,7534
2021-10-10,CU,Cuba,AMRO,27429,914779,278,7812
2021-10-17,CU,Cuba,AMRO,17989,932768,225,8037
2021-10-24,CU,Cuba,AMRO,11663,944431,130,8167
2021-10-31,CU,Cuba,AMRO,6894,951325,63,8230
2021-11-07,CU,Cuba,AMRO,4173,955498,31,8261
2021-11-14,CU,Cuba,AMRO,2892,958390,18,8279
2021-11-21,CU,Cuba,AMRO,2082,960472,14,8293
2021-11-28,CU,Cuba,AMRO,1595,962067,7,8300
2021-12-05,CU,Cuba,AMRO,935,963002,7,8307
2021-12-12,CU,Cuba,AMRO,564,963566,6,8313
2021-12-19,CU,Cuba,AMRO,469,964035,1,8314
2021-12-26,CU,Cuba,AMRO,572,964607,6,8320
2022-01-02,CU,Cuba,AMRO,1866,966473,3,8323
2022-01-09,CU,Cuba,AMRO,8214,974687,3,8326
2022-01-16,CU,Cuba,AMRO,20944,995631,9,8335
2022-01-23,CU,Cuba,AMRO,22973,1018604,23,8358
2022-01-30,CU,Cuba,AMRO,21238,1039842,32,8390
2022-02-06,CU,Cuba,AMRO,12378,1052220,41,8431
2022-02-13,CU,Cuba,AMRO,7614,1059834,36,8467
2022-02-20,CU,Cuba,AMRO,4923,1064757,19,8486
2022-02-27,CU,Cuba,AMRO,4000,1068757,8,8494
2022-03-06,CU,Cuba,AMRO,3717,1072474,5,8499
2022-03-13,CU,Cuba,AMRO,3755,1076229,4,8503
2022-03-20,CU,Cuba,AMRO,4457,1080686,3,8506
2022-03-27,CU,Cuba,AMRO,5675,1086361,3,8509
2022-04-03,CU,Cuba,AMRO,5491,1091852,3,8512
2022-04-10,CU,Cuba,AMRO,4382,1096234,5,8517
2022-04-17,CU,Cuba,AMRO,3210,1099444,3,8520
2022-04-24,CU,Cuba,AMRO,2042,1101486,3,8523
2022-05-01,CU,Cuba,AMRO,1455,1102941,3,8526
2022-05-08,CU,Cuba,AMRO,935,1103876,1,8527
2022-05-15,CU,Cuba,AMRO,620,1104496,2,8529
2022-05-22,CU,Cuba,AMRO,439,1104935,0,8529
2022-05-29,CU,Cuba,AMRO,292,1105227,0,8529
2022-06-05,CU,Cuba,AMRO,216,1105443,0,8529
2022-06-12,CU,Cuba,AMRO,149,1105592,0,8529
2022-06-19,CU,Cuba,AMRO,137,1105729,0,8529
2022-06-26,CU,Cuba,AMRO,167,1105896,0,8529
2022-07-03,CU,Cuba,AMRO,191,1106087,0,8529
2022-07-10,CU,Cuba,AMRO,278,1106365,0,8529
2022-07-17,CU,Cuba,AMRO,365,1106730,0,8529
2022-07-24,CU,Cuba,AMRO,581,1107311,0,8529
2022-07-31,CU,Cuba,AMRO,674,1107985,0,8529
2022-08-07,CU,Cuba,AMRO,721,1108706,0,8529
2022-08-14,CU,Cuba,AMRO,654,1109360,0,8529
2022-08-21,CU,Cuba,AMRO,551,1109911,0,8529
2022-08-28,CU,Cuba,AMRO,426,1110337,1,8530
2022-09-04,CU,Cuba,AMRO,331,1110668,0,8530
2022-09-11,CU,Cuba,AMRO,190,1110858,0,8530
2022-09-18,CU,Cuba,AMRO,153,1111011,0,8530
2022-09-25,CU,Cuba,AMRO,117,1111128,0,8530
2022-10-02,CU,Cuba,AMRO,66,1111194,0,8530
2022-10-09,CU,Cuba,AMRO,39,1111233,0,8530
2022-10-16,CU,Cuba,AMRO,18,1111251,0,8530
2022-10-23,CU,Cuba,AMRO,15,1111266,0,8530
2022-10-30,CU,Cuba,AMRO,15,1111281,0,8530
2022-11-06,CU,Cuba,AMRO,10,1111291,0,8530
2022-11-13,CU,Cuba,AMRO,26,1111317,0,8530
2022-11-20,CU,Cuba,AMRO,20,1111337,0,8530
2022-11-27,CU,Cuba,AMRO,31,1111368,0,8530
2022-12-04,CU,Cuba,AMRO,53,1111421,0,8530
2022-12-11,CU,Cuba,AMRO,109,1111530,0,8530
2022-12-18,CU,Cuba,AMRO,117,1111647,0,8530
2022-12-25,CU,Cuba,AMRO,180,1111827,0,8530
2023-01-01,CU,Cuba,AMRO,166,1111993,0,8530
2023-01-08,CU,Cuba,AMRO,141,1112134,0,8530
2023-01-15,CU,Cuba,AMRO,129,1112263,0,8530
2023-01-22,CU,Cuba,AMRO,78,1112341,0,8530
2023-01-29,CU,Cuba,AMRO,53,1112394,0,8530
2023-02-05,CU,Cuba,AMRO,79,1112473,0,8530
2023-02-12,CU,Cuba,AMRO,40,1112513,0,8530
2023-02-19,CU,Cuba,AMRO,30,1112543,0,8530
2023-02-26,CU,Cuba,AMRO,35,1112578,0,8530
2023-03-05,CU,Cuba,AMRO,44,1112622,0,8530
2023-03-12,CU,Cuba,AMRO,15,1112637,0,8530
2023-03-19,CU,Cuba,AMRO,60,1112697,0,8530
2023-03-26,CU,Cuba,AMRO,81,1112778,0,8530
2023-04-02,CU,Cuba,AMRO,47,1112825,0,8530
2023-04-09,CU,Cuba,AMRO,28,1112853,0,8530
2023-04-16,CU,Cuba,AMRO,137,1112990,0,8530
2023-04-23,CU,Cuba,AMRO,98,1113088,0,8530
2023-04-30,CU,Cuba,AMRO,0,1113088,0,8530
2023-05-07,CU,Cuba,AMRO,312,1113400,0,8530
2023-05-14,CU,Cuba,AMRO,194,1113594,0,8530
2023-05-21,CU,Cuba,AMRO,236,1113830,0,8530
2023-05-28,CU,Cuba,AMRO,249,1114079,0,8530
2023-06-04,CU,Cuba,AMRO,215,1114294,0,8530
2023-06-11,CU,Cuba,AMRO,166,1114460,0,8530
2023-06-18,CU,Cuba,AMRO,149,1114609,0,8530
2023-06-25,CU,Cuba,AMRO,106,1114715,0,8530
2023-07-02,CU,Cuba,AMRO,108,1114823,0,8530
2023-07-09,CU,Cuba,AMRO,78,1114901,0,8530
2023-07-16,CU,Cuba,AMRO,48,1114949,0,8530
2023-07-23,CU,Cuba,AMRO,40,1114989,0,8530
2023-07-30,CU,Cuba,AMRO,27,1115016,0,8530
2023-08-06,CU,Cuba,AMRO,12,1115028,0,8530
2023-08-13,CU,Cuba,AMRO,15,1115043,0,8530
2023-08-20,CU,Cuba,AMRO,0,1115043,0,8530
2023-08-27,CU,Cuba,AMRO,0,1115043,0,8530
2023-09-03,CU,Cuba,AMRO,0,1115043,0,8530
2023-09-10,CU,Cuba,AMRO,0,1115043,0,8530
2023-09-17,CU,Cuba,AMRO,0,1115043,0,8530
2023-09-24,CU,Cuba,AMRO,0,1115043,0,8530
2023-10-01,CU,Cuba,AMRO,0,1115043,0,8530
2023-10-08,CU,Cuba,AMRO,0,1115043,0,8530
2023-10-15,CU,Cuba,AMRO,0,1115043,0,8530
2023-10-22,CU,Cuba,AMRO,0,1115043,0,8530
2023-10-29,CU,Cuba,AMRO,0,1115043,0,8530
2023-11-05,CU,Cuba,AMRO,0,1115043,0,8530
2023-11-12,CU,Cuba,AMRO,0,1115043,0,8530
2023-11-19,CU,Cuba,AMRO,0,1115043,0,8530
2023-11-26,CU,Cuba,AMRO,0,1115043,0,8530
2023-12-03,CU,Cuba,AMRO,0,1115043,0,8530
2023-12-10,CU,Cuba,AMRO,0,1115043,0,8530
2023-12-17,CU,Cuba,AMRO,0,1115043,0,8530
2023-12-24,CU,Cuba,AMRO,0,1115043,0,8530
2023-12-31,CU,Cuba,AMRO,0,1115043,0,8530
2020-01-05,CW,Curaçao,AMRO,0,0,0,0
2020-01-12,CW,Curaçao,AMRO,0,0,0,0
2020-01-19,CW,Curaçao,AMRO,0,0,0,0
2020-01-26,CW,Curaçao,AMRO,0,0,0,0
2020-02-02,CW,Curaçao,AMRO,0,0,0,0
2020-02-09,CW,Curaçao,AMRO,0,0,0,0
2020-02-16,CW,Curaçao,AMRO,0,0,0,0
2020-02-23,CW,Curaçao,AMRO,0,0,0,0
2020-03-01,CW,Curaçao,AMRO,0,0,0,0
2020-03-08,CW,Curaçao,AMRO,0,0,0,0
2020-03-15,CW,Curaçao,AMRO,1,1,0,0
2020-03-22,CW,Curaçao,AMRO,2,3,1,1
2020-03-29,CW,Curaçao,AMRO,4,7,0,1
2020-04-05,CW,Curaçao,AMRO,4,11,0,1
2020-04-12,CW,Curaçao,AMRO,3,14,0,1
2020-04-19,CW,Curaçao,AMRO,0,14,0,1
2020-04-26,CW,Curaçao,AMRO,0,14,0,1
2020-05-03,CW,Curaçao,AMRO,2,16,0,1
2020-05-10,CW,Curaçao,AMRO,0,16,0,1
2020-05-17,CW,Curaçao,AMRO,0,16,0,1
2020-05-24,CW,Curaçao,AMRO,0,16,0,1
2020-05-31,CW,Curaçao,AMRO,4,20,0,1
2020-06-07,CW,Curaçao,AMRO,1,21,0,1
2020-06-14,CW,Curaçao,AMRO,1,22,0,1
2020-06-21,CW,Curaçao,AMRO,1,23,0,1
2020-06-28,CW,Curaçao,AMRO,0,23,0,1
2020-07-05,CW,Curaçao,AMRO,2,25,0,1
2020-07-12,CW,Curaçao,AMRO,0,25,0,1
2020-07-19,CW,Curaçao,AMRO,3,28,0,1
2020-07-26,CW,Curaçao,AMRO,1,29,0,1
2020-08-02,CW,Curaçao,AMRO,0,29,0,1
2020-08-09,CW,Curaçao,AMRO,2,31,0,1
2020-08-16,CW,Curaçao,AMRO,1,32,0,1
2020-08-23,CW,Curaçao,AMRO,5,37,0,1
2020-08-30,CW,Curaçao,AMRO,18,55,0,1
2020-09-06,CW,Curaçao,AMRO,23,78,0,1
2020-09-13,CW,Curaçao,AMRO,57,135,0,1
2020-09-20,CW,Curaçao,AMRO,75,210,0,1
2020-09-27,CW,Curaçao,AMRO,105,315,0,1
2020-10-04,CW,Curaçao,AMRO,84,399,0,1
2020-10-11,CW,Curaçao,AMRO,133,532,0,1
2020-10-18,CW,Curaçao,AMRO,141,673,0,1
2020-10-25,CW,Curaçao,AMRO,130,803,0,1
2020-11-01,CW,Curaçao,AMRO,141,944,0,1
2020-11-08,CW,Curaçao,AMRO,86,1030,1,2
2020-11-15,CW,Curaçao,AMRO,185,1215,0,2
2020-11-22,CW,Curaçao,AMRO,346,1561,1,3
2020-11-29,CW,Curaçao,AMRO,485,2046,0,3
2020-12-06,CW,Curaçao,AMRO,694,2740,4,7
2020-12-13,CW,Curaçao,AMRO,664,3404,1,8
2020-12-20,CW,Curaçao,AMRO,419,3823,3,11
2020-12-27,CW,Curaçao,AMRO,228,4051,1,12
2021-01-03,CW,Curaçao,AMRO,179,4230,2,14
2021-01-10,CW,Curaçao,AMRO,175,4405,4,18
2021-01-17,CW,Curaçao,AMRO,93,4498,1,19
2021-01-24,CW,Curaçao,AMRO,39,4537,1,20
2021-01-31,CW,Curaçao,AMRO,37,4574,0,20
2021-02-07,CW,Curaçao,AMRO,23,4597,1,21
2021-02-14,CW,Curaçao,AMRO,36,4633,1,22
2021-02-21,CW,Curaçao,AMRO,33,4666,0,22
2021-02-28,CW,Curaçao,AMRO,42,4708,0,22
2021-03-07,CW,Curaçao,AMRO,43,4751,0,22
2021-03-14,CW,Curaçao,AMRO,164,4915,0,22
2021-03-21,CW,Curaçao,AMRO,605,5520,1,23
2021-03-28,CW,Curaçao,AMRO,1128,6648,4,27
2021-04-04,CW,Curaçao,AMRO,2186,8834,11,38
2021-04-11,CW,Curaçao,AMRO,1798,10632,22,60
2021-04-18,CW,Curaçao,AMRO,1042,11674,20,80
2021-04-25,CW,Curaçao,AMRO,348,12022,19,99
2021-05-02,CW,Curaçao,AMRO,159,12181,9,108
2021-05-09,CW,Curaçao,AMRO,41,12222,5,113
2021-05-16,CW,Curaçao,AMRO,22,12244,5,118
2021-05-23,CW,Curaçao,AMRO,22,12266,4,122
2021-05-30,CW,Curaçao,AMRO,5,12271,0,122
2021-06-06,CW,Curaçao,AMRO,5,12276,0,122
2021-06-13,CW,Curaçao,AMRO,15,12291,1,123
2021-06-20,CW,Curaçao,AMRO,17,12308,0,123
2021-06-27,CW,Curaçao,AMRO,19,12327,3,126
2021-07-04,CW,Curaçao,AMRO,16,12343,0,126
2021-07-11,CW,Curaçao,AMRO,21,12364,0,126
2021-07-18,CW,Curaçao,AMRO,173,12537,0,126
2021-07-25,CW,Curaçao,AMRO,501,13038,0,126
2021-08-01,CW,Curaçao,AMRO,455,13493,0,126
2021-08-08,CW,Curaçao,AMRO,414,13907,4,130
2021-08-15,CW,Curaçao,AMRO,489,14396,2,132
2021-08-22,CW,Curaçao,AMRO,406,14802,4,136
2021-08-29,CW,Curaçao,AMRO,332,15134,6,142
2021-09-05,CW,Curaçao,AMRO,245,15379,5,147
2021-09-12,CW,Curaçao,AMRO,217,15596,6,153
2021-09-19,CW,Curaçao,AMRO,329,15925,2,155
2021-09-26,CW,Curaçao,AMRO,329,16254,3,158
2021-10-03,CW,Curaçao,AMRO,246,16500,5,163
2021-10-10,CW,Curaçao,AMRO,204,16704,5,168
2021-10-17,CW,Curaçao,AMRO,181,16885,1,169
2021-10-24,CW,Curaçao,AMRO,99,16984,3,172
2021-10-31,CW,Curaçao,AMRO,69,17053,2,174
2021-11-07,CW,Curaçao,AMRO,58,17111,1,175
2021-11-14,CW,Curaçao,AMRO,76,17187,0,175
2021-11-21,CW,Curaçao,AMRO,83,17270,0,175
2021-11-28,CW,Curaçao,AMRO,104,17374,3,178
2021-12-05,CW,Curaçao,AMRO,66,17440,1,179
2021-12-12,CW,Curaçao,AMRO,100,17540,1,180
2021-12-19,CW,Curaçao,AMRO,153,17693,3,183
2021-12-26,CW,Curaçao,AMRO,606,18299,3,186
2022-01-02,CW,Curaçao,AMRO,2411,20710,3,189
2022-01-09,CW,Curaçao,AMRO,5278,25988,2,191
2022-01-16,CW,Curaçao,AMRO,5941,31929,8,199
2022-01-23,CW,Curaçao,AMRO,3378,35307,11,210
2022-01-30,CW,Curaçao,AMRO,1415,36722,15,225
2022-02-06,CW,Curaçao,AMRO,804,37526,17,242
2022-02-13,CW,Curaçao,AMRO,646,38172,7,249
2022-02-20,CW,Curaçao,AMRO,436,38608,11,260
2022-02-27,CW,Curaçao,AMRO,259,38867,1,261
2022-03-06,CW,Curaçao,AMRO,216,39083,0,261
2022-03-13,CW,Curaçao,AMRO,102,39185,3,264
2022-03-20,CW,Curaçao,AMRO,375,39560,1,265
2022-03-27,CW,Curaçao,AMRO,293,39853,0,265
2022-04-03,CW,Curaçao,AMRO,493,40346,2,267
2022-04-10,CW,Curaçao,AMRO,456,40802,0,267
2022-04-17,CW,Curaçao,AMRO,504,41306,4,271
2022-04-24,CW,Curaçao,AMRO,423,41729,0,271
2022-05-01,CW,Curaçao,AMRO,306,42035,2,273
2022-05-08,CW,Curaçao,AMRO,295,42330,1,274
2022-05-15,CW,Curaçao,AMRO,344,42674,1,275
2022-05-22,CW,Curaçao,AMRO,475,43149,1,276
2022-05-29,CW,Curaçao,AMRO,473,43622,1,277
2022-06-05,CW,Curaçao,AMRO,331,43953,0,277
2022-06-12,CW,Curaçao,AMRO,174,44127,0,277
2022-06-19,CW,Curaçao,AMRO,187,44314,1,278
2022-06-26,CW,Curaçao,AMRO,126,44440,0,278
2022-07-03,CW,Curaçao,AMRO,105,44545,0,278
2022-07-10,CW,Curaçao,AMRO,117,44662,0,278
2022-07-17,CW,Curaçao,AMRO,120,44782,2,280
2022-07-24,CW,Curaçao,AMRO,150,44932,2,282
2022-07-31,CW,Curaçao,AMRO,131,45063,0,282
2022-08-07,CW,Curaçao,AMRO,0,45063,0,282
2022-08-14,CW,Curaçao,AMRO,146,45209,1,283
2022-08-21,CW,Curaçao,AMRO,34,45243,2,285
2022-08-28,CW,Curaçao,AMRO,34,45277,1,286
2022-09-04,CW,Curaçao,AMRO,25,45302,1,287
2022-09-11,CW,Curaçao,AMRO,16,45318,0,287
2022-09-18,CW,Curaçao,AMRO,27,45345,0,287
2022-09-25,CW,Curaçao,AMRO,12,45357,0,287
2022-10-02,CW,Curaçao,AMRO,11,45368,0,287
2022-10-09,CW,Curaçao,AMRO,22,45390,0,287
2022-10-16,CW,Curaçao,AMRO,16,45406,2,289
2022-10-23,CW,Curaçao,AMRO,28,45434,0,289
2022-10-30,CW,Curaçao,AMRO,33,45467,1,290
2022-11-06,CW,Curaçao,AMRO,22,45489,3,293
2022-11-13,CW,Curaçao,AMRO,18,45507,0,293
2022-11-20,CW,Curaçao,AMRO,29,45536,1,294
2022-11-27,CW,Curaçao,AMRO,23,45559,1,295
2022-12-04,CW,Curaçao,AMRO,27,45586,0,295
2022-12-11,CW,Curaçao,AMRO,44,45630,2,297
2022-12-18,CW,Curaçao,AMRO,39,45669,1,298
2022-12-25,CW,Curaçao,AMRO,38,45707,1,299
2023-01-01,CW,Curaçao,AMRO,13,45720,0,299
2023-01-08,CW,Curaçao,AMRO,14,45734,0,299
2023-01-15,CW,Curaçao,AMRO,11,45745,0,299
2023-01-22,CW,Curaçao,AMRO,21,45766,2,301
2023-01-29,CW,Curaçao,AMRO,7,45773,0,301
2023-02-05,CW,Curaçao,AMRO,0,45773,0,301
2023-02-12,CW,Curaçao,AMRO,7,45780,0,301
2023-02-19,CW,Curaçao,AMRO,1,45781,0,301
2023-02-26,CW,Curaçao,AMRO,5,45786,0,301
2023-03-05,CW,Curaçao,AMRO,0,45786,0,301
2023-03-12,CW,Curaçao,AMRO,1,45787,0,301
2023-03-19,CW,Curaçao,AMRO,2,45789,0,301
2023-03-26,CW,Curaçao,AMRO,4,45793,0,301
2023-04-02,CW,Curaçao,AMRO,5,45798,0,301
2023-04-09,CW,Curaçao,AMRO,0,45798,0,301
2023-04-16,CW,Curaçao,AMRO,0,45798,0,301
2023-04-23,CW,Curaçao,AMRO,0,45798,0,301
2023-04-30,CW,Curaçao,AMRO,0,45798,0,301
2023-05-07,CW,Curaçao,AMRO,14,45812,1,302
2023-05-14,CW,Curaçao,AMRO,0,45812,0,302
2023-05-21,CW,Curaçao,AMRO,0,45812,0,302
2023-05-28,CW,Curaçao,AMRO,0,45812,0,302
2023-06-04,CW,Curaçao,AMRO,5,45817,0,302
2023-06-11,CW,Curaçao,AMRO,0,45817,0,302
2023-06-18,CW,Curaçao,AMRO,0,45817,0,302
2023-06-25,CW,Curaçao,AMRO,0,45817,0,302
2023-07-02,CW,Curaçao,AMRO,66,45883,3,305
2023-07-09,CW,Curaçao,AMRO,0,45883,0,305
2023-07-16,CW,Curaçao,AMRO,0,45883,0,305
2023-07-23,CW,Curaçao,AMRO,0,45883,0,305
2023-07-30,CW,Curaçao,AMRO,0,45883,0,305
2023-08-06,CW,Curaçao,AMRO,0,45883,0,305
2023-08-13,CW,Curaçao,AMRO,0,45883,0,305
2023-08-20,CW,Curaçao,AMRO,0,45883,0,305
2023-08-27,CW,Curaçao,AMRO,0,45883,0,305
2023-09-03,CW,Curaçao,AMRO,0,45883,0,305
2023-09-10,CW,Curaçao,AMRO,0,45883,0,305
2023-09-17,CW,Curaçao,AMRO,0,45883,0,305
2023-09-24,CW,Curaçao,AMRO,0,45883,0,305
2023-10-01,CW,Curaçao,AMRO,0,45883,0,305
2023-10-08,CW,Curaçao,AMRO,0,45883,0,305
2023-10-15,CW,Curaçao,AMRO,0,45883,0,305
2023-10-22,CW,Curaçao,AMRO,0,45883,0,305
2023-10-29,CW,Curaçao,AMRO,0,45883,0,305
2023-11-05,CW,Curaçao,AMRO,0,45883,0,305
2023-11-12,CW,Curaçao,AMRO,0,45883,0,305
2023-11-19,CW,Curaçao,AMRO,0,45883,0,305
2023-11-26,CW,Curaçao,AMRO,0,45883,0,305
2023-12-03,CW,Curaçao,AMRO,0,45883,0,305
2023-12-10,CW,Curaçao,AMRO,0,45883,0,305
2023-12-17,CW,Curaçao,AMRO,0,45883,0,305
2023-12-24,CW,Curaçao,AMRO,0,45883,0,305
2023-12-31,CW,Curaçao,AMRO,0,45883,0,305
2020-01-05,CY,Cyprus,EURO,0,0,0,0
2020-01-12,CY,Cyprus,EURO,0,0,0,0
2020-01-19,CY,Cyprus,EURO,0,0,0,0
2020-01-26,CY,Cyprus,EURO,0,0,0,0
2020-02-02,CY,Cyprus,EURO,0,0,0,0
2020-02-09,CY,Cyprus,EURO,0,0,0,0
2020-02-16,CY,Cyprus,EURO,0,0,0,0
2020-02-23,CY,Cyprus,EURO,0,0,0,0
2020-03-01,CY,Cyprus,EURO,0,0,0,0
2020-03-08,CY,Cyprus,EURO,0,0,0,0
2020-03-15,CY,Cyprus,EURO,21,21,0,0
2020-03-22,CY,Cyprus,EURO,63,84,0,0
2020-03-29,CY,Cyprus,EURO,95,179,5,5
2020-04-05,CY,Cyprus,EURO,247,426,4,9
2020-04-12,CY,Cyprus,EURO,190,616,1,10
2020-04-19,CY,Cyprus,EURO,145,761,2,12
2020-04-26,CY,Cyprus,EURO,49,810,2,14
2020-05-03,CY,Cyprus,EURO,54,864,1,15
2020-05-10,CY,Cyprus,EURO,28,892,0,15
2020-05-17,CY,Cyprus,EURO,22,914,2,17
2020-05-24,CY,Cyprus,EURO,13,927,0,17
2020-05-31,CY,Cyprus,EURO,16,943,0,17
2020-06-07,CY,Cyprus,EURO,17,960,1,18
2020-06-14,CY,Cyprus,EURO,20,980,0,18
2020-06-21,CY,Cyprus,EURO,5,985,1,19
2020-06-28,CY,Cyprus,EURO,9,994,0,19
2020-07-05,CY,Cyprus,EURO,8,1002,0,19
2020-07-12,CY,Cyprus,EURO,12,1014,0,19
2020-07-19,CY,Cyprus,EURO,23,1037,0,19
2020-07-26,CY,Cyprus,EURO,16,1053,0,19
2020-08-02,CY,Cyprus,EURO,71,1124,0,19
2020-08-09,CY,Cyprus,EURO,109,1233,0,19
2020-08-16,CY,Cyprus,EURO,99,1332,1,20
2020-08-23,CY,Cyprus,EURO,85,1417,1,21
2020-08-30,CY,Cyprus,EURO,66,1483,0,21
2020-09-06,CY,Cyprus,EURO,24,1507,0,21
2020-09-13,CY,Cyprus,EURO,16,1523,0,21
2020-09-20,CY,Cyprus,EURO,57,1580,1,22
2020-09-27,CY,Cyprus,EURO,104,1684,0,22
2020-10-04,CY,Cyprus,EURO,127,1811,0,22
2020-10-11,CY,Cyprus,EURO,175,1986,3,25
2020-10-18,CY,Cyprus,EURO,393,2379,0,25
2020-10-25,CY,Cyprus,EURO,1065,3444,0,25
2020-11-01,CY,Cyprus,EURO,922,4366,1,26
2020-11-08,CY,Cyprus,EURO,1505,5871,1,27
2020-11-15,CY,Cyprus,EURO,1180,7051,12,39
2020-11-22,CY,Cyprus,EURO,1405,8456,4,43
2020-11-29,CY,Cyprus,EURO,1775,10231,5,48
2020-12-06,CY,Cyprus,EURO,1951,12182,12,60
2020-12-13,CY,Cyprus,EURO,2619,14801,19,79
2020-12-20,CY,Cyprus,EURO,2676,17477,13,92
2020-12-27,CY,Cyprus,EURO,1915,19392,22,114
2021-01-03,CY,Cyprus,EURO,4511,23903,18,132
2021-01-10,CY,Cyprus,EURO,3566,27469,18,150
2021-01-17,CY,Cyprus,EURO,1800,29269,20,170
2021-01-24,CY,Cyprus,EURO,1076,30345,16,186
2021-01-31,CY,Cyprus,EURO,883,31228,14,200
2021-02-07,CY,Cyprus,EURO,928,32156,14,214
2021-02-14,CY,Cyprus,EURO,746,32902,11,225
2021-02-21,CY,Cyprus,EURO,763,33665,9,234
2021-02-28,CY,Cyprus,EURO,1271,34936,2,236
2021-03-07,CY,Cyprus,EURO,2315,37251,1,237
2021-03-14,CY,Cyprus,EURO,2702,39953,6,243
2021-03-21,CY,Cyprus,EURO,2605,42558,4,247
2021-03-28,CY,Cyprus,EURO,2423,44981,8,255
2021-04-04,CY,Cyprus,EURO,3271,48252,11,266
2021-04-11,CY,Cyprus,EURO,3753,52005,11,277
2021-04-18,CY,Cyprus,EURO,4372,56377,18,295
2021-04-25,CY,Cyprus,EURO,6169,62546,10,305
2021-05-02,CY,Cyprus,EURO,4903,67449,15,320
2021-05-09,CY,Cyprus,EURO,2791,70240,21,341
2021-05-16,CY,Cyprus,EURO,1736,71976,12,353
2021-05-23,CY,Cyprus,EURO,937,72913,8,361
2021-05-30,CY,Cyprus,EURO,527,73440,7,368
2021-06-06,CY,Cyprus,EURO,432,73872,3,371
2021-06-13,CY,Cyprus,EURO,407,74279,10,381
2021-06-20,CY,Cyprus,EURO,425,74704,1,382
2021-06-27,CY,Cyprus,EURO,987,75691,0,382
2021-07-04,CY,Cyprus,EURO,3262,78953,0,382
2021-07-11,CY,Cyprus,EURO,5978,84931,6,388
2021-07-18,CY,Cyprus,EURO,6915,91846,5,393
2021-07-25,CY,Cyprus,EURO,6653,98499,15,408
2021-08-01,CY,Cyprus,EURO,5170,103669,24,432
2021-08-08,CY,Cyprus,EURO,3647,107316,18,450
2021-08-15,CY,Cyprus,EURO,3114,110430,23,473
2021-08-22,CY,Cyprus,EURO,2433,112863,23,496
2021-08-29,CY,Cyprus,EURO,1929,114792,22,518
2021-09-05,CY,Cyprus,EURO,1830,116622,18,536
2021-09-12,CY,Cyprus,EURO,1210,117832,15,551
2021-09-19,CY,Cyprus,EURO,1032,118864,10,561
2021-09-26,CY,Cyprus,EURO,826,119690,5,566
2021-10-03,CY,Cyprus,EURO,726,120416,3,569
2021-10-10,CY,Cyprus,EURO,855,121271,4,573
2021-10-17,CY,Cyprus,EURO,993,122264,5,578
2021-10-24,CY,Cyprus,EURO,1005,123269,7,585
2021-10-31,CY,Cyprus,EURO,1064,124333,7,592
2021-11-07,CY,Cyprus,EURO,1482,125815,2,594
2021-11-14,CY,Cyprus,EURO,1663,127478,2,596
2021-11-21,CY,Cyprus,EURO,2410,129888,2,598
2021-11-28,CY,Cyprus,EURO,3049,132937,2,600
2021-12-05,CY,Cyprus,EURO,3588,136525,9,609
2021-12-12,CY,Cyprus,EURO,3933,140458,7,616
2021-12-19,CY,Cyprus,EURO,4255,144713,11,627
2021-12-26,CY,Cyprus,EURO,5135,149848,10,637
2022-01-02,CY,Cyprus,EURO,17631,167479,11,648
2022-01-09,CY,Cyprus,EURO,25723,193202,16,664
2022-01-16,CY,Cyprus,EURO,22407,215609,21,685
2022-01-23,CY,Cyprus,EURO,15773,231382,39,724
2022-01-30,CY,Cyprus,EURO,16980,248362,24,748
2022-02-06,CY,Cyprus,EURO,20295,268657,13,761
2022-02-13,CY,Cyprus,EURO,18231,286888,32,793
2022-02-20,CY,Cyprus,EURO,16440,303328,43,836
2022-02-27,CY,Cyprus,EURO,14348,317676,34,870
2022-03-06,CY,Cyprus,EURO,13832,331508,20,890
2022-03-13,CY,Cyprus,EURO,19180,350688,24,914
2022-03-20,CY,Cyprus,EURO,22970,373658,16,930
2022-03-27,CY,Cyprus,EURO,31886,405544,16,946
2022-04-03,CY,Cyprus,EURO,31405,436949,13,959
2022-04-10,CY,Cyprus,EURO,19015,455964,16,975
2022-04-17,CY,Cyprus,EURO,8240,464204,13,988
2022-04-24,CY,Cyprus,EURO,6115,470319,18,1006
2022-05-01,CY,Cyprus,EURO,9901,480220,9,1015
2022-05-08,CY,Cyprus,EURO,3444,483664,12,1027
2022-05-15,CY,Cyprus,EURO,2422,486086,24,1051
2022-05-22,CY,Cyprus,EURO,2103,488189,6,1057
2022-05-29,CY,Cyprus,EURO,1774,489963,2,1059
2022-06-05,CY,Cyprus,EURO,1814,491777,8,1067
2022-06-12,CY,Cyprus,EURO,2207,493984,1,1068
2022-06-19,CY,Cyprus,EURO,3470,497454,2,1070
2022-06-26,CY,Cyprus,EURO,7263,504717,2,1072
2022-07-03,CY,Cyprus,EURO,10879,515596,3,1075
2022-07-10,CY,Cyprus,EURO,14914,530510,4,1079
2022-07-17,CY,Cyprus,EURO,15386,545896,7,1086
2022-07-24,CY,Cyprus,EURO,10152,556048,13,1099
2022-07-31,CY,Cyprus,EURO,6863,562911,16,1115
2022-08-07,CY,Cyprus,EURO,5472,568383,28,1143
2022-08-14,CY,Cyprus,EURO,3611,571994,6,1149
2022-08-21,CY,Cyprus,EURO,2130,574124,3,1152
2022-08-28,CY,Cyprus,EURO,2154,576278,16,1168
2022-09-04,CY,Cyprus,EURO,1752,578030,4,1172
2022-09-11,CY,Cyprus,EURO,1869,579899,1,1173
2022-09-18,CY,Cyprus,EURO,2482,582381,5,1178
2022-09-25,CY,Cyprus,EURO,2932,585313,2,1180
2022-10-02,CY,Cyprus,EURO,2681,587994,2,1182
2022-10-09,CY,Cyprus,EURO,2789,590783,5,1187
2022-10-16,CY,Cyprus,EURO,2759,593542,2,1189
2022-10-23,CY,Cyprus,EURO,2755,596297,2,1191
2022-10-30,CY,Cyprus,EURO,2821,599118,3,1194
2022-11-06,CY,Cyprus,EURO,3544,602662,6,1200
2022-11-13,CY,Cyprus,EURO,3625,606287,10,1210
2022-11-20,CY,Cyprus,EURO,3736,610023,8,1218
2022-11-27,CY,Cyprus,EURO,4214,614237,8,1226
2022-12-04,CY,Cyprus,EURO,4011,618248,11,1237
2022-12-11,CY,Cyprus,EURO,3854,622102,5,1242
2022-12-18,CY,Cyprus,EURO,3460,625562,8,1250
2022-12-25,CY,Cyprus,EURO,2947,628509,5,1255
2023-01-01,CY,Cyprus,EURO,2602,631111,3,1258
2023-01-08,CY,Cyprus,EURO,3598,634709,4,1262
2023-01-15,CY,Cyprus,EURO,3353,638062,8,1270
2023-01-22,CY,Cyprus,EURO,2667,640729,10,1280
2023-01-29,CY,Cyprus,EURO,1934,642663,7,1287
2023-02-05,CY,Cyprus,EURO,1497,644160,4,1291
2023-02-12,CY,Cyprus,EURO,1355,645515,2,1293
2023-02-19,CY,Cyprus,EURO,1516,647031,4,1297
2023-02-26,CY,Cyprus,EURO,2062,649093,8,1305
2023-03-05,CY,Cyprus,EURO,1592,650685,25,1330
2023-03-12,CY,Cyprus,EURO,1701,652386,5,1335
2023-03-19,CY,Cyprus,EURO,1281,653667,6,1341
2023-03-26,CY,Cyprus,EURO,1047,654714,4,1345
2023-04-02,CY,Cyprus,EURO,950,655664,4,1349
2023-04-09,CY,Cyprus,EURO,1240,656904,1,1350
2023-04-16,CY,Cyprus,EURO,0,656904,0,1350
2023-04-23,CY,Cyprus,EURO,1546,658450,4,1354
2023-04-30,CY,Cyprus,EURO,0,658450,0,1354
2023-05-07,CY,Cyprus,EURO,2404,660854,10,1364
2023-05-14,CY,Cyprus,EURO,0,660854,0,1364
2023-05-21,CY,Cyprus,EURO,0,660854,0,1364
2023-05-28,CY,Cyprus,EURO,0,660854,0,1364
2023-06-04,CY,Cyprus,EURO,0,660854,0,1364
2023-06-11,CY,Cyprus,EURO,0,660854,0,1364
2023-06-18,CY,Cyprus,EURO,0,660854,0,1364
2023-06-25,CY,Cyprus,EURO,0,660854,0,1364
2023-07-02,CY,Cyprus,EURO,0,660854,0,1364
2023-07-09,CY,Cyprus,EURO,0,660854,0,1364
2023-07-16,CY,Cyprus,EURO,0,660854,0,1364
2023-07-23,CY,Cyprus,EURO,0,660854,0,1364
2023-07-30,CY,Cyprus,EURO,0,660854,0,1364
2023-08-06,CY,Cyprus,EURO,0,660854,0,1364
2023-08-13,CY,Cyprus,EURO,0,660854,0,1364
2023-08-20,CY,Cyprus,EURO,0,660854,0,1364
2023-08-27,CY,Cyprus,EURO,0,660854,0,1364
2023-09-03,CY,Cyprus,EURO,0,660854,0,1364
2023-09-10,CY,Cyprus,EURO,0,660854,0,1364
2023-09-17,CY,Cyprus,EURO,0,660854,0,1364
2023-09-24,CY,Cyprus,EURO,0,660854,0,1364
2023-10-01,CY,Cyprus,EURO,0,660854,0,1364
2023-10-08,CY,Cyprus,EURO,0,660854,0,1364
2023-10-15,CY,Cyprus,EURO,0,660854,0,1364
2023-10-22,CY,Cyprus,EURO,0,660854,0,1364
2023-10-29,CY,Cyprus,EURO,0,660854,0,1364
2023-11-05,CY,Cyprus,EURO,975,661829,0,1364
2023-11-12,CY,Cyprus,EURO,825,662654,0,1364
2023-11-19,CY,Cyprus,EURO,308,662962,0,1364
2023-11-26,CY,Cyprus,EURO,0,662962,0,1364
2023-12-03,CY,Cyprus,EURO,0,662962,0,1364
2023-12-10,CY,Cyprus,EURO,0,662962,0,1364
2023-12-17,CY,Cyprus,EURO,0,662962,0,1364
2023-12-24,CY,Cyprus,EURO,0,662962,0,1364
2023-12-31,CY,Cyprus,EURO,0,662962,0,1364
2020-01-05,CZ,Czechia,EURO,0,0,0,0
2020-01-12,CZ,Czechia,EURO,0,0,0,0
2020-01-19,CZ,Czechia,EURO,0,0,0,0
2020-01-26,CZ,Czechia,EURO,0,0,0,0
2020-02-02,CZ,Czechia,EURO,0,0,0,0
2020-02-09,CZ,Czechia,EURO,0,0,0,0
2020-02-16,CZ,Czechia,EURO,0,0,0,0
2020-02-23,CZ,Czechia,EURO,0,0,0,0
2020-03-01,CZ,Czechia,EURO,0,0,0,0
2020-03-08,CZ,Czechia,EURO,27,27,0,0
2020-03-15,CZ,Czechia,EURO,163,190,0,0
2020-03-22,CZ,Czechia,EURO,869,1059,0,0
2020-03-29,CZ,Czechia,EURO,1624,2683,17,17
2020-04-05,CZ,Czechia,EURO,1821,4504,49,66
2020-04-12,CZ,Czechia,EURO,1438,5942,70,136
2020-04-19,CZ,Czechia,EURO,754,6696,44,180
2020-04-26,CZ,Czechia,EURO,701,7397,42,222
2020-05-03,CZ,Czechia,EURO,412,7809,29,251
2020-05-10,CZ,Czechia,EURO,344,8153,26,277
2020-05-17,CZ,Czechia,EURO,372,8525,18,295
2020-05-24,CZ,Czechia,EURO,448,8973,18,313
2020-05-31,CZ,Czechia,EURO,346,9319,5,318
2020-06-07,CZ,Czechia,EURO,351,9670,7,325
2020-06-14,CZ,Czechia,EURO,429,10099,5,330
2020-06-21,CZ,Czechia,EURO,460,10559,8,338
2020-06-28,CZ,Czechia,EURO,853,11412,8,346
2020-07-05,CZ,Czechia,EURO,1142,12554,4,350
2020-07-12,CZ,Czechia,EURO,678,13232,4,354
2020-07-19,CZ,Czechia,EURO,748,13980,6,360
2020-07-26,CZ,Czechia,EURO,1353,15333,11,371
2020-08-02,CZ,Czechia,EURO,1476,16809,13,384
2020-08-09,CZ,Czechia,EURO,1549,18358,8,392
2020-08-16,CZ,Czechia,EURO,1664,20022,8,400
2020-08-23,CZ,Czechia,EURO,1895,21917,15,415
2020-08-30,CZ,Czechia,EURO,2315,24232,10,425
2020-09-06,CZ,Czechia,EURO,3658,27890,15,440
2020-09-13,CZ,Czechia,EURO,7660,35550,27,467
2020-09-20,CZ,Czechia,EURO,12920,48470,55,522
2020-09-27,CZ,Czechia,EURO,15008,63478,89,611
2020-10-04,CZ,Czechia,EURO,17352,80830,127,738
2020-10-11,CZ,Czechia,EURO,33458,114288,293,1031
2020-10-18,CZ,Czechia,EURO,54911,169199,457,1488
2020-10-25,CZ,Czechia,EURO,82219,251418,826,2314
2020-11-01,CZ,Czechia,EURO,84751,336169,1290,3604
2020-11-08,CZ,Czechia,EURO,76531,412700,1552,5156
2020-11-15,CZ,Czechia,EURO,47391,460091,1331,6487
2020-11-22,CZ,Czechia,EURO,32810,492901,1001,7488
2020-11-29,CZ,Czechia,EURO,28065,520966,899,8387
2020-12-06,CZ,Czechia,EURO,27269,548235,760,9147
2020-12-13,CZ,Czechia,EURO,33579,581814,680,9827
2020-12-20,CZ,Czechia,EURO,45475,627289,779,10606
2020-12-27,CZ,Czechia,EURO,47773,675062,761,11367
2021-01-03,CZ,Czechia,EURO,70541,745603,954,12321
2021-01-10,CZ,Czechia,EURO,92118,837721,1187,13508
2021-01-17,CZ,Czechia,EURO,58893,896614,1190,14698
2021-01-24,CZ,Czechia,EURO,49125,945739,1054,15752
2021-01-31,CZ,Czechia,EURO,47939,993678,1002,16754
2021-02-07,CZ,Czechia,EURO,50871,1044549,910,17664
2021-02-14,CZ,Czechia,EURO,53838,1098387,930,18594
2021-02-21,CZ,Czechia,EURO,65983,1164370,1092,19686
2021-02-28,CZ,Czechia,EURO,83422,1247792,1173,20859
2021-03-07,CZ,Czechia,EURO,87158,1334950,1398,22257
2021-03-14,CZ,Czechia,EURO,79038,1413988,1523,23780
2021-03-21,CZ,Czechia,EURO,67088,1481076,1459,25239
2021-03-28,CZ,Czechia,EURO,51053,1532129,1280,26519
2021-04-04,CZ,Czechia,EURO,37537,1569666,1007,27526
2021-04-11,CZ,Czechia,EURO,28894,1598560,847,28373
2021-04-18,CZ,Czechia,EURO,22178,1620738,587,28960
2021-04-25,CZ,Czechia,EURO,17828,1638566,445,29405
2021-05-02,CZ,Czechia,EURO,15073,1653639,358,29763
2021-05-09,CZ,Czechia,EURO,11224,1664863,263,30026
2021-05-16,CZ,Czechia,EURO,7982,1672845,190,30216
2021-05-23,CZ,Czechia,EURO,5241,1678086,108,30324
2021-05-30,CZ,Czechia,EURO,3400,1681486,67,30391
2021-06-06,CZ,Czechia,EURO,2461,1683947,39,30430
2021-06-13,CZ,Czechia,EURO,1542,1685489,28,30458
2021-06-20,CZ,Czechia,EURO,978,1686467,16,30474
2021-06-27,CZ,Czechia,EURO,732,1687199,12,30486
2021-07-04,CZ,Czechia,EURO,1020,1688219,5,30491
2021-07-11,CZ,Czechia,EURO,1393,1689612,3,30494
2021-07-18,CZ,Czechia,EURO,1700,1691312,4,30498
2021-07-25,CZ,Czechia,EURO,1459,1692771,4,30502
2021-08-01,CZ,Czechia,EURO,1252,1694023,2,30504
2021-08-08,CZ,Czechia,EURO,1216,1695239,6,30510
2021-08-15,CZ,Czechia,EURO,1356,1696595,2,30512
2021-08-22,CZ,Czechia,EURO,1322,1697917,13,30525
2021-08-29,CZ,Czechia,EURO,1395,1699312,7,30532
2021-09-05,CZ,Czechia,EURO,1741,1701053,3,30535
2021-09-12,CZ,Czechia,EURO,2674,1703727,6,30541
2021-09-19,CZ,Czechia,EURO,3104,1706831,16,30557
2021-09-26,CZ,Czechia,EURO,3340,1710171,15,30572
2021-10-03,CZ,Czechia,EURO,4525,1714696,11,30583
2021-10-10,CZ,Czechia,EURO,6141,1720837,26,30609
2021-10-17,CZ,Czechia,EURO,9397,1730234,47,30656
2021-10-24,CZ,Czechia,EURO,21024,1751258,79,30735
2021-10-31,CZ,Czechia,EURO,34304,1785562,156,30891
2021-11-07,CZ,Czechia,EURO,54713,1840275,298,31189
2021-11-14,CZ,Czechia,EURO,76286,1916561,441,31630
2021-11-21,CZ,Czechia,EURO,107749,2024310,642,32272
2021-11-28,CZ,Czechia,EURO,131080,2155390,768,33040
2021-12-05,CZ,Czechia,EURO,120518,2275908,848,33888
2021-12-12,CZ,Czechia,EURO,95994,2371902,798,34686
2021-12-19,CZ,Czechia,EURO,70819,2442721,775,35461
2021-12-26,CZ,Czechia,EURO,43730,2486451,527,35988
2022-01-02,CZ,Czechia,EURO,37317,2523768,448,36436
2022-01-09,CZ,Czechia,EURO,49854,2573622,361,36797
2022-01-16,CZ,Czechia,EURO,76148,2649770,239,37036
2022-01-23,CZ,Czechia,EURO,174118,2823888,175,37211
2022-01-30,CZ,Czechia,EURO,279661,3103549,157,37368
2022-02-06,CZ,Czechia,EURO,286572,3390121,289,37657
2022-02-13,CZ,Czechia,EURO,189772,3579893,388,38045
2022-02-20,CZ,Czechia,EURO,129271,3709164,377,38422
2022-02-27,CZ,Czechia,EURO,80424,3789588,357,38779
2022-03-06,CZ,Czechia,EURO,65371,3854959,300,39079
2022-03-13,CZ,Czechia,EURO,63916,3918875,219,39298
2022-03-20,CZ,Czechia,EURO,64737,3983612,192,39490
2022-03-27,CZ,Czechia,EURO,59392,4043004,194,39684
2022-04-03,CZ,Czechia,EURO,50470,4093474,154,39838
2022-04-10,CZ,Czechia,EURO,37781,4131255,172,40010
2022-04-17,CZ,Czechia,EURO,23016,4154271,92,40102
2022-04-24,CZ,Czechia,EURO,16520,4170791,91,40193
2022-05-01,CZ,Czechia,EURO,12147,4182938,77,40270
2022-05-08,CZ,Czechia,EURO,8010,4190948,57,40327
2022-05-15,CZ,Czechia,EURO,4219,4195167,25,40352
2022-05-22,CZ,Czechia,EURO,2686,4197853,15,40367
2022-05-29,CZ,Czechia,EURO,1896,4199749,11,40378
2022-06-05,CZ,Czechia,EURO,1706,4201455,7,40385
2022-06-12,CZ,Czechia,EURO,2275,4203730,8,40393
2022-06-19,CZ,Czechia,EURO,2945,4206675,4,40397
2022-06-26,CZ,Czechia,EURO,4645,4211320,3,40400
2022-07-03,CZ,Czechia,EURO,8243,4219563,10,40410
2022-07-10,CZ,Czechia,EURO,7976,4227539,20,40430
2022-07-17,CZ,Czechia,EURO,14675,4242214,22,40452
2022-07-24,CZ,Czechia,EURO,21407,4263621,43,40495
2022-07-31,CZ,Czechia,EURO,22707,4286328,86,40581
2022-08-07,CZ,Czechia,EURO,20552,4306880,102,40683
2022-08-14,CZ,Czechia,EURO,17817,4324697,83,40766
2022-08-21,CZ,Czechia,EURO,18267,4342964,87,40853
2022-08-28,CZ,Czechia,EURO,15470,4358434,62,40915
2022-09-04,CZ,Czechia,EURO,16021,4374455,45,40960
2022-09-11,CZ,Czechia,EURO,18605,4393060,56,41016
2022-09-18,CZ,Czechia,EURO,22160,4415220,52,41068
2022-09-25,CZ,Czechia,EURO,24278,4439498,65,41133
2022-10-02,CZ,Czechia,EURO,26213,4465711,100,41233
2022-10-09,CZ,Czechia,EURO,26201,4491912,123,41356
2022-10-16,CZ,Czechia,EURO,19903,4511815,142,41498
2022-10-23,CZ,Czechia,EURO,14417,4526232,97,41595
2022-10-30,CZ,Czechia,EURO,8162,4534394,79,41674
2022-11-06,CZ,Czechia,EURO,7155,4541549,63,41737
2022-11-13,CZ,Czechia,EURO,5214,4546763,62,41799
2022-11-20,CZ,Czechia,EURO,4122,4550885,39,41838
2022-11-27,CZ,Czechia,EURO,4863,4555748,41,41879
2022-12-04,CZ,Czechia,EURO,5617,4561365,43,41922
2022-12-11,CZ,Czechia,EURO,6162,4567527,54,41976
2022-12-18,CZ,Czechia,EURO,5531,4573058,54,42030
2022-12-25,CZ,Czechia,EURO,4468,4577526,69,42099
2023-01-01,CZ,Czechia,EURO,2728,4580254,67,42166
2023-01-08,CZ,Czechia,EURO,2915,4583169,62,42228
2023-01-15,CZ,Czechia,EURO,1955,4585124,39,42267
2023-01-22,CZ,Czechia,EURO,1813,4586937,32,42299
2023-01-29,CZ,Czechia,EURO,1964,4588901,16,42315
2023-02-05,CZ,Czechia,EURO,2720,4591621,22,42337
2023-02-12,CZ,Czechia,EURO,3823,4595444,24,42361
2023-02-19,CZ,Czechia,EURO,5723,4601167,35,42396
2023-02-26,CZ,Czechia,EURO,6972,4608139,48,42444
2023-03-05,CZ,Czechia,EURO,6012,4614151,43,42487
2023-03-12,CZ,Czechia,EURO,6289,4620440,36,42523
2023-03-19,CZ,Czechia,EURO,5728,4626168,57,42580
2023-03-26,CZ,Czechia,EURO,4673,4630841,56,42636
2023-04-02,CZ,Czechia,EURO,3359,4634200,46,42682
2023-04-09,CZ,Czechia,EURO,2070,4636270,28,42710
2023-04-16,CZ,Czechia,EURO,1768,4638038,23,42733
2023-04-23,CZ,Czechia,EURO,1406,4639444,22,42755
2023-04-30,CZ,Czechia,EURO,967,4640411,16,42771
2023-05-07,CZ,Czechia,EURO,558,4640969,12,42783
2023-05-14,CZ,Czechia,EURO,453,4641422,11,42794
2023-05-21,CZ,Czechia,EURO,350,4641772,6,42800
2023-05-28,CZ,Czechia,EURO,276,4642048,6,42806
2023-06-04,CZ,Czechia,EURO,232,4642280,3,42809
2023-06-11,CZ,Czechia,EURO,174,4642454,1,42810
2023-06-18,CZ,Czechia,EURO,131,4642585,2,42812
2023-06-25,CZ,Czechia,EURO,139,4642724,0,42812
2023-07-02,CZ,Czechia,EURO,72,4642796,1,42813
2023-07-09,CZ,Czechia,EURO,51,4642847,0,42813
2023-07-16,CZ,Czechia,EURO,67,4642914,2,42815
2023-07-23,CZ,Czechia,EURO,79,4642993,1,42816
2023-07-30,CZ,Czechia,EURO,76,4643069,0,42816
2023-08-06,CZ,Czechia,EURO,123,4643192,0,42816
2023-08-13,CZ,Czechia,EURO,168,4643360,0,42816
2023-08-20,CZ,Czechia,EURO,294,4643654,2,42818
2023-08-27,CZ,Czechia,EURO,398,4644052,1,42819
2023-09-03,CZ,Czechia,EURO,476,4644528,4,42823
2023-09-10,CZ,Czechia,EURO,891,4645419,6,42829
2023-09-17,CZ,Czechia,EURO,1762,4647181,5,42834
2023-09-24,CZ,Czechia,EURO,2251,4649432,10,42844
2023-10-01,CZ,Czechia,EURO,2175,4651607,8,42852
2023-10-08,CZ,Czechia,EURO,3016,4654623,14,42866
2023-10-15,CZ,Czechia,EURO,3035,4657658,20,42886
2023-10-22,CZ,Czechia,EURO,3535,4661193,18,42904
2023-10-29,CZ,Czechia,EURO,4418,4665611,16,42920
2023-11-05,CZ,Czechia,EURO,5147,4670758,37,42957
2023-11-12,CZ,Czechia,EURO,5516,4676274,26,42983
2023-11-19,CZ,Czechia,EURO,5526,4681800,37,43020
2023-11-26,CZ,Czechia,EURO,8528,4690328,34,43054
2023-12-03,CZ,Czechia,EURO,10297,4700625,48,43102
2023-12-10,CZ,Czechia,EURO,13216,4713841,63,43165
2023-12-17,CZ,Czechia,EURO,15959,4729800,60,43225
2023-12-24,CZ,Czechia,EURO,0,4729800,0,43225
2023-12-31,CZ,Czechia,EURO,0,4729800,0,43225
2020-01-05,KP,Democratic People's Republic of Korea,SEARO,0,0,0,0
2020-01-12,KP,Democratic People's Republic of Korea,SEARO,0,0,0,0
2020-01-19,KP,Democratic People's Republic of Korea,SEARO,0,0,0,0
2020-01-26,KP,Democratic People's Republic of Korea,SEARO,0,0,0,0
2020-02-02,KP,Democratic People's Republic of Korea,SEARO,0,0,0,0
2020-02-09,KP,Democratic People's Republic of Korea,SEARO,0,0,0,0
2020-02-16,KP,Democratic People's Republic of Korea,SEARO,0,0,0,0
2020-02-23,KP,Democratic People's Republic of Korea,SEARO,0,0,0,0
2020-03-01,KP,Democratic People's Republic of Korea,SEARO,0,0,0,0
2020-03-08,KP,Democratic People's Republic of Korea,SEARO,0,0,0,0
2020-03-15,KP,Democratic People's Republic of Korea,SEARO,0,0,0,0
2020-03-22,KP,Democratic People's Republic of Korea,SEARO,0,0,0,0
2020-03-29,KP,Democratic People's Republic of Korea,SEARO,0,0,0,0
2020-04-05,KP,Democratic People's Republic of Korea,SEARO,0,0,0,0
2020-04-12,KP,Democratic People's Republic of Korea,SEARO,0,0,0,0
2020-04-19,KP,Democratic People's Republic of Korea,SEARO,0,0,0,0
2020-04-26,KP,Democratic People's Republic of Korea,SEARO,0,0,0,0
2020-05-03,KP,Democratic People's Republic of Korea,SEARO,0,0,0,0
2020-05-10,KP,Democratic People's Republic of Korea,SEARO,0,0,0,0
2020-05-17,KP,Democratic People's Republic of Korea,SEARO,0,0,0,0
2020-05-24,KP,Democratic People's Republic of Korea,SEARO,0,0,0,0
2020-05-31,KP,Democratic People's Republic of Korea,SEARO,0,0,0,0
2020-06-07,KP,Democratic People's Republic of Korea,SEARO,0,0,0,0
2020-06-14,KP,Democratic People's Republic of Korea,SEARO,0,0,0,0
2020-06-21,KP,Democratic People's Republic of Korea,SEARO,0,0,0,0
2020-06-28,KP,Democratic People's Republic of Korea,SEARO,0,0,0,0
2020-07-05,KP,Democratic People's Republic of Korea,SEARO,0,0,0,0
2020-07-12,KP,Democratic People's Republic of Korea,SEARO,0,0,0,0
2020-07-19,KP,Democratic People's Republic of Korea,SEARO,0,0,0,0
2020-07-26,KP,Democratic People's Republic of Korea,SEARO,0,0,0,0
2020-08-02,KP,Democratic People's Republic of Korea,SEARO,0,0,0,0
2020-08-09,KP,Democratic People's Republic of Korea,SEARO,0,0,0,0
2020-08-16,KP,Democratic People's Republic of Korea,SEARO,0,0,0,0
2020-08-23,KP,Democratic People's Republic of Korea,SEARO,0,0,0,0
2020-08-30,KP,Democratic People's Republic of Korea,SEARO,0,0,0,0
2020-09-06,KP,Democratic People's Republic of Korea,SEARO,0,0,0,0
2020-09-13,KP,Democratic People's Republic of Korea,SEARO,0,0,0,0
2020-09-20,KP,Democratic People's Republic of Korea,SEARO,0,0,0,0
2020-09-27,KP,Democratic People's Republic of Korea,SEARO,0,0,0,0
2020-10-04,KP,Democratic People's Republic of Korea,SEARO,0,0,0,0
2020-10-11,KP,Democratic People's Republic of Korea,SEARO,0,0,0,0
2020-10-18,KP,Democratic People's Republic of Korea,SEARO,0,0,0,0
2020-10-25,KP,Democratic People's Republic of Korea,SEARO,0,0,0,0
2020-11-01,KP,Democratic People's Republic of Korea,SEARO,0,0,0,0
2020-11-08,KP,Democratic People's Republic of Korea,SEARO,0,0,0,0
2020-11-15,KP,Democratic People's Republic of Korea,SEARO,0,0,0,0
2020-11-22,KP,Democratic People's Republic of Korea,SEARO,0,0,0,0
2020-11-29,KP,Democratic People's Republic of Korea,SEARO,0,0,0,0
2020-12-06,KP,Democratic People's Republic of Korea,SEARO,0,0,0,0
2020-12-13,KP,Democratic People's Republic of Korea,SEARO,0,0,0,0
2020-12-20,KP,Democratic People's Republic of Korea,SEARO,0,0,0,0
2020-12-27,KP,Democratic People's Republic of Korea,SEARO,0,0,0,0
2021-01-03,KP,Democratic People's Republic of Korea,SEARO,0,0,0,0
2021-01-10,KP,Democratic People's Republic of Korea,SEARO,0,0,0,0
2021-01-17,KP,Democratic People's Republic of Korea,SEARO,0,0,0,0
2021-01-24,KP,Democratic People's Republic of Korea,SEARO,0,0,0,0
2021-01-31,KP,Democratic People's Republic of Korea,SEARO,0,0,0,0
2021-02-07,KP,Democratic People's Republic of Korea,SEARO,0,0,0,0
2021-02-14,KP,Democratic People's Republic of Korea,SEARO,0,0,0,0
2021-02-21,KP,Democratic People's Republic of Korea,SEARO,0,0,0,0
2021-02-28,KP,Democratic People's Republic of Korea,SEARO,0,0,0,0
2021-03-07,KP,Democratic People's Republic of Korea,SEARO,0,0,0,0
2021-03-14,KP,Democratic People's Republic of Korea,SEARO,0,0,0,0
2021-03-21,KP,Democratic People's Republic of Korea,SEARO,0,0,0,0
2021-03-28,KP,Democratic People's Republic of Korea,SEARO,0,0,0,0
2021-04-04,KP,Democratic People's Republic of Korea,SEARO,0,0,0,0
2021-04-11,KP,Democratic People's Republic of Korea,SEARO,0,0,0,0
2021-04-18,KP,Democratic People's Republic of Korea,SEARO,0,0,0,0
2021-04-25,KP,Democratic People's Republic of Korea,SEARO,0,0,0,0
2021-05-02,KP,Democratic People's Republic of Korea,SEARO,0,0,0,0
2021-05-09,KP,Democratic People's Republic of Korea,SEARO,0,0,0,0
2021-05-16,KP,Democratic People's Republic of Korea,SEARO,0,0,0,0
2021-05-23,KP,Democratic People's Republic of Korea,SEARO,0,0,0,0
2021-05-30,KP,Democratic People's Republic of Korea,SEARO,0,0,0,0
2021-06-06,KP,Democratic People's Republic of Korea,SEARO,0,0,0,0
2021-06-13,KP,Democratic People's Republic of Korea,SEARO,0,0,0,0
2021-06-20,KP,Democratic People's Republic of Korea,SEARO,0,0,0,0
2021-06-27,KP,Democratic People's Republic of Korea,SEARO,0,0,0,0
2021-07-04,KP,Democratic People's Republic of Korea,SEARO,0,0,0,0
2021-07-11,KP,Democratic People's Republic of Korea,SEARO,0,0,0,0
2021-07-18,KP,Democratic People's Republic of Korea,SEARO,0,0,0,0
2021-07-25,KP,Democratic People's Republic of Korea,SEARO,0,0,0,0
2021-08-01,KP,Democratic People's Republic of Korea,SEARO,0,0,0,0
2021-08-08,KP,Democratic People's Republic of Korea,SEARO,0,0,0,0
2021-08-15,KP,Democratic People's Republic of Korea,SEARO,0,0,0,0
2021-08-22,KP,Democratic People's Republic of Korea,SEARO,0,0,0,0
2021-08-29,KP,Democratic People's Republic of Korea,SEARO,0,0,0,0
2021-09-05,KP,Democratic People's Republic of Korea,SEARO,0,0,0,0
2021-09-12,KP,Democratic People's Republic of Korea,SEARO,0,0,0,0
2021-09-19,KP,Democratic People's Republic of Korea,SEARO,0,0,0,0
2021-09-26,KP,Democratic People's Republic of Korea,SEARO,0,0,0,0
2021-10-03,KP,Democratic People's Republic of Korea,SEARO,0,0,0,0
2021-10-10,KP,Democratic People's Republic of Korea,SEARO,0,0,0,0
2021-10-17,KP,Democratic People's Republic of Korea,SEARO,0,0,0,0
2021-10-24,KP,Democratic People's Republic of Korea,SEARO,0,0,0,0
2021-10-31,KP,Democratic People's Republic of Korea,SEARO,0,0,0,0
2021-11-07,KP,Democratic People's Republic of Korea,SEARO,0,0,0,0
2021-11-14,KP,Democratic People's Republic of Korea,SEARO,0,0,0,0
2021-11-21,KP,Democratic People's Republic of Korea,SEARO,0,0,0,0
2021-11-28,KP,Democratic People's Republic of Korea,SEARO,0,0,0,0
2021-12-05,KP,Democratic People's Republic of Korea,SEARO,0,0,0,0
2021-12-12,KP,Democratic People's Republic of Korea,SEARO,0,0,0,0
2021-12-19,KP,Democratic People's Republic of Korea,SEARO,0,0,0,0
2021-12-26,KP,Democratic People's Republic of Korea,SEARO,0,0,0,0
2022-01-02,KP,Democratic People's Republic of Korea,SEARO,0,0,0,0
2022-01-09,KP,Democratic People's Republic of Korea,SEARO,0,0,0,0
2022-01-16,KP,Democratic People's Republic of Korea,SEARO,0,0,0,0
2022-01-23,KP,Democratic People's Republic of Korea,SEARO,0,0,0,0
2022-01-30,KP,Democratic People's Republic of Korea,SEARO,0,0,0,0
2022-02-06,KP,Democratic People's Republic of Korea,SEARO,0,0,0,0
2022-02-13,KP,Democratic People's Republic of Korea,SEARO,0,0,0,0
2022-02-20,KP,Democratic People's Republic of Korea,SEARO,0,0,0,0
2022-02-27,KP,Democratic People's Republic of Korea,SEARO,0,0,0,0
2022-03-06,KP,Democratic People's Republic of Korea,SEARO,0,0,0,0
2022-03-13,KP,Democratic People's Republic of Korea,SEARO,0,0,0,0
2022-03-20,KP,Democratic People's Republic of Korea,SEARO,0,0,0,0
2022-03-27,KP,Democratic People's Republic of Korea,SEARO,0,0,0,0
2022-04-03,KP,Democratic People's Republic of Korea,SEARO,0,0,0,0
2022-04-10,KP,Democratic People's Republic of Korea,SEARO,0,0,0,0
2022-04-17,KP,Democratic People's Republic of Korea,SEARO,0,0,0,0
2022-04-24,KP,Democratic People's Republic of Korea,SEARO,0,0,0,0
2022-05-01,KP,Democratic People's Republic of Korea,SEARO,0,0,0,0
2022-05-08,KP,Democratic Pe